Id,Class,timeset,indegree,outdegree,Degree,weighted indegree,weighted outdegree,Weighted Degree,Eccentricity,closnesscentrality,harmonicclosnesscentrality,betweenesscentrality,Authority,Hub,pageranks,componentnumber,strongcompnum,modularity_class,stat_inf_class,clustering,eigencentrality,behavior
7604,-1,,73,21,94,-628,110,-518,6,0.329987,0.350636,0.002901,0.080527,0.025972,,0,506,2,39,0.097339,0.388011,-1
5342,-1,,39,80,119,0,-249,-249,6,0.3628,0.389552,0.006124,0.048157,0.049823,,0,506,13,32,0.040049,0.241042,-1
7602,-1,,17,13,30,-150,10,-140,7,0.316684,0.334457,7.5e-05,0.027852,0.021469,,0,506,2,19,0.338768,0.142756,-1
7594,-1,,8,6,14,-61,-60,-121,7,0.295855,0.311332,8.9e-05,0.00868,0.007923,,0,506,13,93,0.138889,0.047984,-1
708,-1,,7,24,31,12,-128,-116,7,0.294529,0.310384,0.00024,0.007487,0.011672,,0,506,13,44,0.035,0.035902,-1
7601,-1,,16,11,27,-120,10,-110,7,0.311471,0.328665,6e-05,0.023402,0.017454,,0,506,2,19,0.350649,0.119018,-1
7599,-1,,19,8,27,-110,0,-110,7,0.300964,0.318088,5.4e-05,0.023763,0.012179,,0,506,2,19,0.333992,0.122238,-1
7598,-1,,19,12,31,-110,0,-110,7,0.319737,0.337602,0.000101,0.023527,0.022151,,0,506,2,19,0.311667,0.122238,-1
7600,-1,,34,9,43,-119,15,-104,7,0.303082,0.318515,0.000847,0.042758,0.009334,,0,506,2,49,0.165546,0.207882,-1
1159,-1,,4,18,22,6,-99,-93,6,0.322267,0.339641,0.000209,0.012349,0.018387,,0,506,14,19,0.119883,0.060189,-1
7584,-1,,7,4,11,-42,-40,-82,7,0.304634,0.319169,0.000413,0.011518,0.008681,,0,506,13,65,0.452381,0.058857,-1
7597,-1,,9,8,17,-90,10,-80,6,0.326195,0.34597,9.3e-05,0.016379,0.014659,,0,506,1,35,0.366667,0.080457,-1
7586,-1,,6,3,9,-49,-18,-67,7,0.273883,0.285531,9.8e-05,0.006147,0.001859,,0,506,3,10,0.1,0.030924,-1
1691,-1,,20,26,46,3,-66,-63,6,0.324107,0.342216,0.001181,0.026888,0.023938,,0,506,14,75,0.124777,0.134643,-1
791,-1,,1,7,8,10,-70,-60,7,0.248392,0.258468,0.000174,0.000768,0.000814,,0,506,2,52,0.125,0.003526,-1
7593,-1,,7,2,9,-60,2,-58,6,0.305778,0.318308,2e-06,0.014347,0.007076,,0,506,7,64,0.47619,0.071737,-1
7592,-1,,6,3,9,-60,2,-58,7,0.277556,0.289299,2.3e-05,0.009981,0.003191,,0,506,11,63,0.285714,0.052212,-1
7589,-1,,15,4,19,-56,5,-51,7,0.267414,0.278243,0.000188,0.011505,0.001364,,0,506,6,96,0.171429,0.063283,-1
7576,-1,,6,2,8,-31,-20,-51,7,0.253965,0.262239,0.000284,0.0029,0.000351,,0,506,76,52,0.3,0.013802,-1
7596,-1,,9,7,16,-69,20,-49,6,0.303475,0.319073,0.000261,0.007936,0.005455,,0,506,2,48,0.155556,0.044794,-1
7590,-1,,8,6,14,-57,9,-48,6,0.298352,0.315034,0.000508,0.012744,0.011449,,0,506,7,45,0.232143,0.068084,-1
7591,-1,,17,13,30,-59,17,-42,6,0.300072,0.316004,0.001065,0.017563,0.010499,,0,506,13,25,0.163399,0.079906,-1
7595,-1,,47,53,100,-64,23,-41,6,0.345187,0.371146,0.005656,0.052248,0.049369,,0,506,13,40,0.105786,0.269165,-1
7585,-1,,7,6,13,-47,6,-41,6,0.298209,0.315835,8e-06,0.016814,0.014296,,0,506,15,87,0.696429,0.085375,-1
7518,-1,,6,9,15,-17,-24,-41,6,0.315404,0.331906,0.000706,0.010483,0.011634,,0,506,8,93,0.319444,0.046144,-1
7544,-1,,3,2,5,-20,-20,-40,6,0.287722,0.300876,1e-06,0.006442,0.002296,,0,506,19,74,0.5,0.02461,-1
7529,-1,,3,3,6,-19,-19,-38,7,0.26137,0.271185,3e-06,0.001005,0.001029,,0,506,1,81,0.0,0.005561,-1
7587,-1,,5,5,10,-50,13,-37,7,0.272549,0.284701,3.2e-05,0.004925,0.002382,,0,506,2,3,0.366667,0.027427,-1
7583,-1,,8,2,10,-42,5,-37,7,0.249401,0.258179,2.7e-05,0.020925,0.000395,,0,506,1,84,0.428571,0.104433,-1
7568,-1,,6,3,9,-29,-8,-37,6,0.280087,0.292416,9e-06,0.014821,0.00556,,0,506,13,15,0.5,0.077987,-1
188,-1,,39,46,85,41,-77,-36,6,0.341911,0.364718,0.002005,0.047141,0.041619,,0,506,8,94,0.106029,0.238824,-1
7553,-1,,9,9,18,-23,-12,-35,6,0.298471,0.311756,8.4e-05,0.006349,0.008884,,0,506,14,42,0.136364,0.029851,-1
7581,-1,,6,2,8,-35,2,-33,7,0.282643,0.295759,0.000127,0.008682,0.003998,,0,506,13,65,0.380952,0.044114,-1
7579,-1,,10,4,14,-34,4,-30,6,0.306528,0.319158,0.000104,0.01587,0.005408,,0,506,1,4,0.222222,0.071083,-1
7574,-1,,3,0,3,-30,0,-30,0,0.0,0.0,0.0,0.0073,0.0,,0,13,23,75,0.333333,0.036796,-1
7572,-1,,3,0,3,-30,0,-30,0,0.0,0.0,0.0,0.004079,0.0,,0,24,81,85,0.333333,0.021505,-1
7582,-1,,7,3,10,-36,7,-29,6,0.292734,0.307224,6.2e-05,0.008495,0.004017,,0,506,2,91,0.285714,0.044909,-1
7567,-1,,3,0,3,-29,0,-29,0,0.0,0.0,0.0,0.008783,0.0,,0,84,22,44,0.5,0.039144,-1
1134,-1,,5,10,15,6,-35,-29,6,0.30377,0.318624,0.000479,0.004831,0.01029,,0,506,3,56,0.145455,0.027791,-1
272,-1,,34,44,78,30,-59,-29,6,0.361017,0.385206,0.005223,0.044805,0.048143,,0,506,11,97,0.131313,0.227743,-1
7578,-1,,6,2,8,-33,5,-28,6,0.285834,0.300409,1.2e-05,0.014088,0.003994,,0,506,13,41,0.380952,0.060805,-1
7575,-1,,6,2,8,-30,2,-28,7,0.266198,0.277469,5e-06,0.010416,0.002629,,0,506,15,70,0.466667,0.051969,-1
7573,-1,,3,2,5,-30,2,-28,7,0.276246,0.287951,7e-06,0.007267,0.003475,,0,506,7,78,0.333333,0.037661,-1
7603,-1,,93,66,159,-213,186,-27,6,0.371431,0.399355,0.012167,0.075794,0.062913,,0,506,11,97,0.080824,0.386183,-1
7588,-1,,19,14,33,-54,27,-27,6,0.322295,0.340637,0.000747,0.032372,0.018159,,0,506,7,42,0.256917,0.161973,-1
7531,-1,,3,5,8,-19,-8,-27,6,0.293215,0.307571,4.3e-05,0.003396,0.004718,,0,506,14,74,0.3,0.008632,-1
7580,-1,,15,2,17,-35,9,-26,7,0.264283,0.273403,5.3e-05,0.021364,0.001279,,0,506,2,93,0.257143,0.103247,-1
7566,-1,,4,3,7,-29,3,-26,7,0.290375,0.305176,1e-06,0.006815,0.007203,,0,506,14,24,0.5,0.034494,-1
7563,-1,,5,2,7,-28,2,-26,6,0.309669,0.32224,6e-06,0.014406,0.007148,,0,506,14,27,0.8,0.072395,-1
7557,-1,,4,0,4,-26,0,-26,0,0.0,0.0,0.0,0.005446,0.0,,0,25,1,50,0.0,0.029858,-1
7559,-1,,4,0,4,-26,0,-26,0,0.0,0.0,0.0,0.007313,0.0,,0,70,16,80,0.833333,0.030323,-1
7556,-1,,6,0,6,-25,0,-25,0,0.0,0.0,0.0,0.004488,0.0,,0,6,14,61,0.2,0.023812,-1
7519,-1,,3,2,5,-17,-8,-25,7,0.25,0.259488,2.8e-05,0.00077,0.00072,,0,506,6,52,0.0,0.006344,-1
7558,-1,,6,4,10,-26,2,-24,7,0.242352,0.250843,0.000677,0.010516,0.000656,,0,506,12,55,0.166667,0.046056,-1
7521,-1,,6,4,10,-17,-7,-24,6,0.288453,0.301183,3.4e-05,0.007043,0.002891,,0,506,14,74,0.285714,0.027053,-1
7565,-1,,46,43,89,-29,6,-23,6,0.354561,0.378912,0.003379,0.050676,0.050978,,0,506,15,42,0.142534,0.257824,-1
7555,-1,,3,2,5,-25,2,-23,6,0.291822,0.303336,2e-06,0.006407,0.003063,,0,506,1,81,0.666667,0.028274,-1
7550,-1,,30,21,51,-22,-1,-23,6,0.32108,0.3394,0.002902,0.025067,0.013263,,0,506,14,94,0.073118,0.141902,-1
7502,-1,,3,2,5,-12,-11,-23,7,0.257685,0.26744,0.000491,0.003225,0.001628,,0,506,13,30,0.0,0.019397,-1
7549,-1,,3,0,3,-21,0,-21,0,0.0,0.0,0.0,0.001539,0.0,,0,126,66,80,0.0,0.010102,-1
7548,-1,,3,1,4,-21,1,-20,7,0.274224,0.285208,0.0,0.008705,0.002413,,0,506,7,69,1.0,0.042919,-1
7543,-1,,2,0,2,-20,0,-20,0,0.0,0.0,0.0,0.005541,0.0,,0,201,56,44,0.0,0.022097,-1
7542,-1,,2,0,2,-20,0,-20,0,0.0,0.0,0.0,0.004941,0.0,,0,72,57,44,0.0,0.022048,-1
7537,-1,,2,0,2,-20,0,-20,0,0.0,0.0,0.0,0.002813,0.0,,0,92,62,24,0.0,0.017,-1
7534,-1,,2,0,2,-20,0,-20,0,0.0,0.0,0.0,0.003833,0.0,,0,26,63,23,1.0,0.021367,-1
7545,-1,,2,0,2,-20,0,-20,0,0.0,0.0,0.0,0.00146,0.0,,0,83,77,74,0.0,0.007206,-1
7539,-1,,2,0,2,-20,0,-20,0,0.0,0.0,0.0,0.00115,0.0,,0,7,90,49,0.0,0.005459,-1
7476,-1,,1,1,2,-10,-10,-20,7,0.241306,0.248403,0.0,0.000435,0.000429,,0,506,105,47,0.0,0.002077,-1
7461,-1,,1,1,2,-10,-10,-20,7,0.256626,0.266321,0.0,0.001166,0.001233,,0,506,123,40,0.0,0.006452,-1
7466,-1,,1,1,2,-10,-10,-20,8,0.195085,0.19939,0.0,1.5e-05,0.000248,,0,506,124,55,0.0,0.001123,-1
7546,-1,,3,3,6,-21,3,-18,7,0.256943,0.265548,2.3e-05,0.000529,0.000528,,0,506,8,26,0.0,0.003119,-1
7541,-1,,2,2,4,-20,2,-18,7,0.237965,0.245955,1e-06,0.000413,0.000365,,0,506,13,12,0.0,0.002083,-1
7527,-1,,3,1,4,-19,1,-18,7,0.219354,0.225447,1e-06,0.001923,0.00011,,0,506,13,53,0.0,0.00702,-1
179,-1,,21,37,58,43,-61,-18,6,0.359218,0.383738,0.00217,0.027406,0.045673,,0,506,8,53,0.138462,0.133176,-1
7554,-1,,4,5,9,-23,6,-17,6,0.296065,0.311863,1.9e-05,0.010636,0.008755,,0,506,13,57,0.433333,0.054663,-1
7547,-1,,3,2,5,-21,4,-17,7,0.274787,0.284693,0.0,0.002977,0.001744,,0,506,11,54,0.666667,0.014072,-1
7528,-1,,4,2,6,-19,2,-17,6,0.288342,0.303607,5e-06,0.007266,0.006545,,0,506,15,19,0.166667,0.037273,-1
7509,-1,,8,4,12,-14,-3,-17,6,0.301424,0.317258,6.7e-05,0.009948,0.008237,,0,506,13,12,0.053571,0.052279,-1
2396,-1,,2,3,5,2,-19,-17,7,0.268141,0.27976,4e-06,0.002616,0.00276,,0,506,65,28,0.5,0.013548,-1
7577,-1,,13,8,21,-33,17,-16,6,0.30756,0.320038,0.000128,0.021775,0.008474,,0,506,8,19,0.262821,0.110924,-1
7551,-1,,5,4,9,-22,6,-16,7,0.274787,0.286325,0.000255,0.008087,0.002649,,0,506,13,93,0.160714,0.041548,-1
7538,-1,,2,3,5,-20,4,-16,7,0.303303,0.315615,6e-06,0.005912,0.006376,,0,506,14,61,0.25,0.029817,-1
7533,-1,,2,2,4,-20,4,-16,7,0.26328,0.272238,5e-06,0.001277,0.001167,,0,506,2,17,0.0,0.006526,-1
7524,-1,,4,2,6,-18,2,-16,7,0.257809,0.267127,1.8e-05,0.000918,0.000818,,0,506,2,12,0.083333,0.005545,-1
7428,-1,,3,3,6,-8,-8,-16,7,0.291573,0.304464,6.7e-05,0.005559,0.004789,,0,506,8,81,0.0,0.024354,-1
7398,-1,,8,8,16,-4,-12,-16,7,0.302056,0.315562,5.2e-05,0.015386,0.006752,,0,506,8,48,0.17033,0.064051,-1
7561,-1,,4,4,8,-28,13,-15,7,0.243628,0.252945,6.7e-05,0.000334,0.000427,,0,506,2,12,0.0,0.002956,-1
7526,-1,,3,2,5,-19,4,-15,7,0.285878,0.297,1e-06,0.005333,0.003545,,0,506,8,84,0.666667,0.029554,-1
7440,-1,,2,2,4,-9,-6,-15,7,0.267471,0.277053,0.0,0.001865,0.002607,,0,506,14,48,1.0,0.012886,-1
2244,-1,,2,7,9,2,-17,-15,6,0.309874,0.322467,0.000243,0.003664,0.010882,,0,506,8,49,0.071429,0.018688,-1
7569,-1,,5,4,9,-30,16,-14,6,0.288164,0.301877,0.000107,0.002789,0.003025,,0,506,2,71,0.166667,0.015222,-1
7516,-1,,5,2,7,-15,2,-13,7,0.282792,0.294503,4e-06,0.013867,0.002912,,0,506,13,33,0.55,0.067071,-1
7515,-1,,2,1,3,-15,2,-13,6,0.281074,0.295267,5e-06,0.001438,0.002936,,0,506,13,28,0.0,0.007631,-1
7505,-1,,4,0,4,-13,0,-13,0,0.0,0.0,0.0,0.006159,0.0,,0,20,7,8,0.666667,0.033298,-1
3079,-1,,1,3,4,1,-14,-13,7,0.27507,0.286499,0.0,0.001166,0.002939,,0,506,13,93,0.666667,0.006452,-1
1522,-1,,4,5,9,4,-17,-13,6,0.303868,0.322729,9.5e-05,0.008453,0.004952,,0,506,1,24,0.1,0.045339,-1
1568,-1,,4,5,9,4,-17,-13,7,0.299209,0.312871,6e-06,0.006659,0.00801,,0,506,15,27,0.1,0.033847,-1
7511,-1,,4,3,7,-15,3,-12,7,0.265858,0.275436,1.5e-05,0.001339,0.001289,,0,506,8,20,0.25,0.007738,-1
7571,-1,,6,4,10,-30,19,-11,8,0.203189,0.208096,0.000213,0.002908,0.000138,,0,506,76,52,0.236111,0.013708,-1
7540,-1,,4,2,6,-20,9,-11,7,0.274264,0.285386,7e-06,0.008694,0.002519,,0,506,14,61,0.25,0.04527,-1
7500,-1,,3,1,4,-12,1,-11,8,0.220036,0.226076,0.0,0.005055,0.000208,,0,506,7,13,0.5,0.028053,-1
7485,-1,,2,0,2,-11,0,-11,0,0.0,0.0,0.0,0.006616,0.0,,0,209,21,44,1.0,0.031021,-1
7484,-1,,5,0,5,-11,0,-11,0,0.0,0.0,0.0,0.00629,0.0,,0,18,7,8,0.65,0.034243,-1
7496,-1,,2,0,2,-11,0,-11,0,0.0,0.0,0.0,0.003897,0.0,,0,107,30,44,0.0,0.016349,-1
7489,-1,,2,0,2,-11,0,-11,0,0.0,0.0,0.0,0.003897,0.0,,0,106,37,44,0.0,0.016349,-1
7487,-1,,2,0,2,-11,0,-11,0,0.0,0.0,0.0,0.003897,0.0,,0,105,38,44,0.0,0.016349,-1
7495,-1,,2,0,2,-11,0,-11,0,0.0,0.0,0.0,0.003897,0.0,,0,104,39,44,0.0,0.016349,-1
7494,-1,,2,0,2,-11,0,-11,0,0.0,0.0,0.0,0.003897,0.0,,0,103,40,44,0.0,0.016349,-1
7493,-1,,2,0,2,-11,0,-11,0,0.0,0.0,0.0,0.003897,0.0,,0,102,41,44,0.0,0.016349,-1
7492,-1,,2,0,2,-11,0,-11,0,0.0,0.0,0.0,0.003897,0.0,,0,101,42,44,0.0,0.016349,-1
7491,-1,,2,0,2,-11,0,-11,0,0.0,0.0,0.0,0.003897,0.0,,0,100,43,44,0.0,0.016349,-1
7490,-1,,2,0,2,-11,0,-11,0,0.0,0.0,0.0,0.003897,0.0,,0,99,44,44,0.0,0.016349,-1
7486,-1,,2,0,2,-11,0,-11,0,0.0,0.0,0.0,0.003897,0.0,,0,98,45,44,0.0,0.016349,-1
7488,-1,,2,0,2,-11,0,-11,0,0.0,0.0,0.0,0.003897,0.0,,0,97,46,44,0.0,0.016349,-1
7497,-1,,2,0,2,-11,0,-11,0,0.0,0.0,0.0,0.003971,0.0,,0,71,87,80,1.0,0.018009,-1
245,-1,,25,31,56,33,-44,-11,6,0.336748,0.358238,0.000771,0.032636,0.04036,,0,506,13,80,0.168254,0.146295,-1
7514,-1,,9,6,15,-15,5,-10,7,0.286009,0.300023,0.000296,0.016313,0.005334,,0,506,12,74,0.325758,0.079855,-1
7507,-1,,4,3,7,-13,3,-10,7,0.255384,0.264093,5e-06,0.007983,0.001317,,0,506,14,28,0.25,0.038809,-1
7501,-1,,3,2,5,-12,2,-10,6,0.284791,0.298403,0.0,0.007343,0.004704,,0,506,14,63,0.666667,0.036964,-1
7480,-1,,1,0,1,-10,0,-10,0,0.0,0.0,0.0,0.002995,0.0,,0,271,17,67,0.0,0.015551,-1
7477,-1,,1,0,1,-10,0,-10,0,0.0,0.0,0.0,0.002995,0.0,,0,270,20,67,0.0,0.015551,-1
7475,-1,,1,0,1,-10,0,-10,0,0.0,0.0,0.0,0.003621,0.0,,0,203,54,44,0.0,0.01547,-1
7474,-1,,1,0,1,-10,0,-10,0,0.0,0.0,0.0,0.003621,0.0,,0,202,55,44,0.0,0.01547,-1
7470,-1,,1,0,1,-10,0,-10,0,0.0,0.0,0.0,0.003621,0.0,,0,200,58,44,0.0,0.01547,-1
7459,-1,,1,0,1,-10,0,-10,0,0.0,0.0,0.0,0.003621,0.0,,0,199,59,44,0.0,0.01547,-1
7472,-1,,1,0,1,-10,0,-10,0,0.0,0.0,0.0,0.003621,0.0,,0,198,60,44,0.0,0.01547,-1
7471,-1,,1,0,1,-10,0,-10,0,0.0,0.0,0.0,0.003621,0.0,,0,197,61,44,0.0,0.01547,-1
7478,-1,,1,0,1,-10,0,-10,0,0.0,0.0,0.0,0.001218,0.0,,0,415,67,74,0.0,0.009067,-1
7448,-1,,1,0,1,-10,0,-10,0,0.0,0.0,0.0,0.001267,0.0,,0,57,74,28,0.0,0.006004,-1
7454,-1,,1,0,1,-10,0,-10,0,0.0,0.0,0.0,0.001199,0.0,,0,82,75,5,0.0,0.005341,-1
7463,-1,,1,0,1,-10,0,-10,0,0.0,0.0,0.0,0.001047,0.0,,0,43,78,80,0.0,0.005231,-1
7464,-1,,1,0,1,-10,0,-10,0,0.0,0.0,0.0,0.001667,0.0,,0,124,82,81,0.0,0.007927,-1
7473,-1,,1,0,1,-10,0,-10,0,0.0,0.0,0.0,0.00132,0.0,,0,73,83,31,0.0,0.006577,-1
7469,-1,,1,0,1,-10,0,-10,0,0.0,0.0,0.0,0.001243,0.0,,0,127,86,28,0.0,0.006584,-1
7451,-1,,3,0,3,-10,0,-10,0,0.0,0.0,0.0,0.001447,0.0,,0,45,11,58,0.0,0.006916,-1
7460,-1,,1,0,1,-10,0,-10,0,0.0,0.0,0.0,0.000983,0.0,,0,14,95,94,0.0,0.005745,-1
7467,-1,,1,0,1,-10,0,-10,0,0.0,0.0,0.0,0.000545,0.0,,0,38,99,50,0.0,0.002883,-1
7453,-1,,1,0,1,-10,0,-10,0,0.0,0.0,0.0,8e-05,0.0,,0,32,103,9,0.0,0.000563,-1
7458,-1,,1,0,1,-10,0,-10,0,0.0,0.0,0.0,0.00023,0.0,,0,125,106,47,0.0,0.001199,-1
7450,-1,,1,0,1,-10,0,-10,0,0.0,0.0,0.0,0.0,0.0,,0,36,111,93,0.0,3.2e-05,-1
7462,-1,,1,0,1,-10,0,-10,0,0.0,0.0,0.0,0.000257,0.0,,0,288,113,49,0.0,0.000462,-1
7465,-1,,1,0,1,-10,0,-10,0,0.0,0.0,0.0,0.0,0.0,,4,538,120,105,0.0,2.4e-05,-1
5029,-1,,0,1,1,0,-10,-10,7,0.24813,0.257287,0.0,0.0,0.000675,,0,537,116,3,0.0,0.0,-1
5837,-1,,0,1,1,0,-10,-10,1,1.0,1.0,0.0,0.0,0.0,,4,539,119,105,0.0,0.0,-1
7532,-1,,4,1,5,-19,10,-9,7,0.219804,0.225471,0.0,0.006485,0.000143,,0,506,18,67,0.583333,0.025244,-1
7508,-1,,3,1,4,-14,5,-9,8,0.203608,0.207984,1.8e-05,0.003861,2.2e-05,,0,506,2,96,0.0,0.021615,-1
7504,-1,,4,3,7,-13,4,-9,7,0.273444,0.284026,3.5e-05,0.005265,0.001488,,0,506,14,17,0.1,0.027283,-1
7482,-1,,4,2,6,-11,2,-9,7,0.28209,0.295288,0.000267,0.00883,0.003846,,0,506,7,13,0.333333,0.047285,-1
7479,-1,,1,1,2,-10,1,-9,7,0.262432,0.273298,0.0,0.002995,0.000937,,0,506,3,16,0.5,0.015551,-1
7456,-1,,1,1,2,-10,1,-9,7,0.269646,0.279978,0.0,0.001199,0.000958,,0,506,1,5,0.0,0.005341,-1
7468,-1,,1,1,2,-10,1,-9,7,0.25765,0.266857,0.0,0.001243,0.001305,,0,506,13,28,0.0,0.006584,-1
7449,-1,,1,1,2,-10,1,-9,8,0.225791,0.230909,0.0,6e-05,8.9e-05,,0,506,8,17,0.0,0.000563,-1
7452,-1,,1,1,2,-10,1,-9,1,1.0,1.0,0.0,1.5e-05,3.4e-05,,0,290,11,58,0.0,0.000122,-1
7446,-1,,2,0,2,-9,0,-9,0,0.0,0.0,0.0,0.007542,0.0,,0,59,14,59,1.0,0.037706,-1
7439,-1,,2,0,2,-9,0,-9,0,0.0,0.0,0.0,0.000836,0.0,,0,49,6,52,0.0,0.005121,-1
7437,-1,,2,0,2,-9,0,-9,0,0.0,0.0,0.0,0.00019,0.0,,0,47,14,2,0.0,0.001137,-1
7441,-1,,1,0,1,-9,0,-9,0,0.0,0.0,0.0,0.000258,0.0,,0,295,102,50,0.0,0.002141,-1
647,-1,,7,17,24,13,-22,-9,6,0.326878,0.343177,0.000465,0.018271,0.017504,,0,506,8,74,0.147059,0.082013,-1
7447,-1,,2,1,3,-9,1,-8,7,0.235809,0.241908,5e-06,0.003178,0.000217,,0,506,1,70,0.0,0.016541,-1
7425,-1,,3,0,3,-8,0,-8,0,0.0,0.0,0.0,0.008275,0.0,,0,8,5,83,0.666667,0.045267,-1
3002,-1,,1,2,3,1,-9,-8,7,0.279731,0.293202,0.0,0.003716,0.003851,,0,506,15,93,1.0,0.019042,-1
2787,-1,,1,2,3,1,-9,-8,7,0.295318,0.306901,3e-06,0.003341,0.003359,,0,506,14,28,0.0,0.017061,-1
3180,-1,,1,2,3,1,-9,-8,7,0.264059,0.275931,7e-06,0.001218,0.001924,,0,506,12,74,0.0,0.009067,-1
3270,-1,,1,2,3,1,-9,-8,7,0.246822,0.254682,1e-06,0.000678,0.00091,,0,506,13,70,0.0,0.004251,-1
2655,-1,,1,2,3,1,-9,-8,7,0.245383,0.252019,0.0,0.00014,0.000314,,0,506,14,9,0.0,0.000687,-1
2408,-1,,5,1,6,2,-10,-8,7,0.279148,0.292463,5e-06,0.013239,0.003646,,0,506,8,48,0.6,0.063018,-1
7530,-1,,3,3,6,-19,12,-7,8,0.233589,0.240248,0.000276,0.00504,0.000506,,0,506,13,65,0.45,0.025665,-1
7525,-1,,13,9,22,-18,11,-7,6,0.287655,0.302166,4.4e-05,0.018962,0.008414,,0,506,15,65,0.275641,0.100029,-1
7522,-1,,4,1,5,-17,10,-7,7,0.219804,0.225471,0.0,0.006485,0.000143,,0,506,18,67,0.583333,0.025244,-1
7523,-1,,4,1,5,-17,10,-7,7,0.219804,0.225471,0.0,0.006485,0.000143,,0,506,18,67,0.583333,0.025244,-1
7506,-1,,5,2,7,-13,6,-7,1,1.0,1.0,1e-06,0.0064,0.000297,,0,19,7,8,0.433333,0.034536,-1
7457,-1,,1,2,3,-10,3,-7,7,0.279585,0.291365,0.0,0.002995,0.003804,,0,506,14,49,0.833333,0.015551,-1
7438,-1,,4,2,6,-9,2,-7,7,0.293721,0.305514,1e-05,0.007312,0.003369,,0,506,14,57,0.5,0.039586,-1
7445,-1,,2,2,4,-9,2,-7,7,0.263985,0.274275,0.0,0.005798,0.002726,,0,506,3,30,1.0,0.029743,-1
7436,-1,,3,1,4,-8,1,-7,7,0.215953,0.221056,2e-06,0.001831,5.1e-05,,0,506,13,70,0.0,0.008532,-1
7430,-1,,3,1,4,-8,1,-7,9,0.189367,0.192879,0.0,0.001251,0.000119,,0,506,13,93,0.333333,0.007418,-1
7414,-1,,2,0,2,-7,0,-7,0,0.0,0.0,0.0,2.2e-05,0.0,,0,3,76,52,0.5,0.000363,-1
7374,-1,,4,4,8,-2,-5,-7,7,0.24902,0.258815,0.00015,0.000456,0.000725,,0,506,8,93,0.0,0.004562,-1
2380,-1,,2,7,9,2,-9,-7,7,0.29483,0.308627,5e-06,0.001319,0.006985,,0,506,13,80,0.214286,0.005263,-1
2048,-1,,2,2,4,2,-9,-7,8,0.223768,0.230027,3e-06,8.3e-05,8e-05,,0,506,2,12,0.0,0.000575,-1
2067,-1,,2,2,4,2,-9,-7,8,0.194246,0.19822,0.000237,2.8e-05,3e-06,,0,506,2,93,0.0,8.7e-05,-1
7552,-1,,49,13,62,-23,17,-6,7,0.301934,0.316269,0.001972,0.043929,0.005953,,0,506,14,94,0.086735,0.202176,-1
7499,-1,,5,4,9,-12,6,-6,7,0.293767,0.306559,0.000122,0.009517,0.004604,,0,506,13,52,0.15,0.048602,-1
7442,-1,,4,3,7,-9,3,-6,7,0.286096,0.300696,2.2e-05,0.007278,0.006073,,0,506,14,80,0.2,0.038568,-1
7427,-1,,3,2,5,-8,2,-6,6,0.293905,0.312699,5e-06,0.004931,0.003709,,0,506,1,2,0.333333,0.027152,-1
7432,-1,,3,2,5,-8,2,-6,7,0.296463,0.311398,0.0,0.009805,0.006997,,0,506,13,38,0.833333,0.046726,-1
7433,-1,,3,2,5,-8,2,-6,7,0.248179,0.257448,3e-06,0.003532,0.000467,,0,506,12,74,0.666667,0.018083,-1
7435,-1,,3,2,5,-8,2,-6,7,0.250067,0.257523,3e-06,0.004248,0.000541,,0,506,13,30,0.0,0.018194,-1
7434,-1,,3,2,5,-8,2,-6,6,0.285529,0.297869,2e-06,0.008794,0.002375,,0,506,13,22,0.333333,0.036659,-1
7426,-1,,3,2,5,-8,2,-6,7,0.275434,0.286092,1e-06,0.004516,0.002895,,0,506,7,88,0.666667,0.026538,-1
7424,-1,,3,2,5,-8,2,-6,7,0.255506,0.263368,4e-06,0.002015,0.000528,,0,506,8,45,0.333333,0.012476,-1
7422,-1,,2,1,3,-7,1,-6,7,0.230826,0.237656,0.0,0.003282,0.000415,,0,506,13,25,1.0,0.009034,-1
7418,-1,,2,1,3,-7,1,-6,7,0.254017,0.262609,0.0,0.002342,0.001,,0,506,13,40,0.333333,0.012225,-1
7409,-1,,2,0,2,-6,0,-6,0,0.0,0.0,0.0,2.2e-05,0.0,,0,1,76,52,0.5,0.00048,-1
3097,-1,,1,2,3,1,-7,-6,7,0.240223,0.246715,5e-06,0.00014,0.000285,,0,506,97,70,0.0,0.000753,-1
2391,-1,,2,3,5,2,-8,-6,6,0.29952,0.317983,0.000244,0.003563,0.003836,,0,506,1,22,0.0,0.020297,-1
2101,-1,,2,3,5,2,-8,-6,7,0.256556,0.265424,0.000247,0.000797,0.00062,,0,506,8,58,0.0,0.003674,-1
1778,-1,,3,2,5,3,-9,-6,7,0.271758,0.282784,0.000347,0.002463,0.002453,,0,506,7,100,0.0,0.012338,-1
7562,-1,,10,8,18,-28,23,-5,7,0.311912,0.327545,0.000118,0.020136,0.01411,,0,506,14,84,0.262821,0.100588,-1
7423,-1,,3,1,4,-8,3,-5,8,0.198643,0.203288,0.000331,0.006635,9e-06,,0,506,97,70,0.333333,0.031209,-1
7415,-1,,15,2,17,-7,2,-5,6,0.277371,0.289387,0.000117,0.015599,0.003052,,0,506,14,54,0.228571,0.074093,-1
7401,-1,,3,0,3,-5,0,-5,0,0.0,0.0,0.0,0.006423,0.0,,0,330,2,20,0.333333,0.035295,-1
7408,-1,,1,0,1,-5,0,-5,0,0.0,0.0,0.0,0.003621,0.0,,0,204,53,44,0.0,0.01547,-1
7404,-1,,1,0,1,-5,0,-5,0,0.0,0.0,0.0,0.00192,0.0,,0,298,84,33,0.0,0.006627,-1
7405,-1,,1,0,1,-5,0,-5,0,0.0,0.0,0.0,0.001176,0.0,,0,380,117,32,0.0,0.005773,-1
7407,-1,,1,0,1,-5,0,-5,0,0.0,0.0,0.0,0.001176,0.0,,0,379,118,32,0.0,0.005773,-1
5533,-1,,8,6,14,0,-5,-5,6,0.29155,0.305671,0.000505,0.011949,0.006894,,0,506,15,42,0.513889,0.057095,-1
1930,-1,,2,4,6,2,-7,-5,7,0.256153,0.265442,3.5e-05,0.00067,0.000661,,0,506,11,71,0.083333,0.003665,-1
2231,-1,,2,3,5,2,-7,-5,7,0.267987,0.278167,8e-06,0.000799,0.001534,,0,506,11,88,0.083333,0.00401,-1
1654,-1,,3,3,6,3,-8,-5,7,0.246805,0.254536,1.5e-05,0.000358,0.000333,,0,506,2,26,0.0,0.002072,-1
7560,-1,,10,7,17,-26,22,-4,7,0.294483,0.306926,6.4e-05,0.008694,0.006105,,0,506,13,25,0.213235,0.034115,-1
7421,-1,,2,1,3,-7,3,-4,7,0.260788,0.27078,0.0,0.00428,0.001362,,0,506,13,10,1.0,0.017668,-1
7413,-1,,4,3,7,-7,3,-4,9,0.18077,0.184306,0.000683,0.000252,0.0,,0,506,14,26,0.333333,0.001895,-1
7402,-1,,5,4,9,-5,1,-4,7,0.271227,0.281672,6.6e-05,0.002213,0.00188,,0,506,2,20,0.15,0.010679,-1
7399,-1,,2,0,2,-4,0,-4,0,0.0,0.0,0.0,0.003897,0.0,,0,74,64,78,0.0,0.01941,-1
7395,-1,,4,0,4,-4,0,-4,0,0.0,0.0,0.0,0.001136,0.0,,0,2,76,52,0.5,0.0065,-1
7396,-1,,2,0,2,-4,0,-4,0,0.0,0.0,0.0,2.2e-05,0.0,,0,4,76,52,0.5,0.000363,-1
7328,-1,,11,8,19,-1,-3,-4,6,0.313951,0.327364,0.000689,0.013347,0.008419,,0,506,14,48,0.098485,0.066694,-1
7340,-1,,2,2,4,-1,-3,-4,7,0.258699,0.268133,4e-06,0.000627,0.000735,,0,506,7,5,0.0,0.003795,-1
1694,-1,,3,4,7,3,-7,-4,7,0.266671,0.276182,6.3e-05,0.001264,0.001149,,0,506,8,58,0.0,0.006271,-1
7570,-1,,8,8,16,-30,27,-3,7,0.274586,0.286983,0.000801,0.002145,0.00247,,0,506,2,3,0.125,0.014561,-1
7429,-1,,2,1,3,-8,5,-3,8,0.217798,0.224026,0.0,0.001324,7.3e-05,,0,506,12,74,1.0,0.009567,-1
7419,-1,,2,6,8,-7,4,-3,6,0.293468,0.307971,2.3e-05,0.002004,0.006816,,0,506,13,12,0.233333,0.007156,-1
7411,-1,,5,3,8,-6,3,-3,7,0.273185,0.283959,0.000492,0.004839,0.003032,,0,506,14,86,0.1,0.024326,-1
7393,-1,,4,0,4,-3,0,-3,0,0.0,0.0,0.0,0.004839,0.0,,0,61,10,16,0.666667,0.018303,-1
7392,-1,,2,0,2,-3,0,-3,0,0.0,0.0,0.0,0.002375,0.0,,0,170,1,5,0.0,0.011114,-1
3172,-1,,1,2,3,1,-4,-3,7,0.258414,0.267975,4e-06,0.000611,0.000754,,0,506,1,12,0.0,0.00367,-1
1859,-1,,3,4,7,3,-6,-3,7,0.281116,0.295034,1.1e-05,0.004393,0.00462,,0,506,15,61,0.166667,0.022429,-1
1524,-1,,4,4,8,4,-7,-3,7,0.296229,0.313004,2e-05,0.008394,0.008674,,0,506,7,10,0.416667,0.045525,-1
7510,-1,,3,2,5,-14,12,-2,7,0.230897,0.237967,0.0,0.006277,0.000557,,0,506,18,67,0.75,0.024584,-1
7503,-1,,4,2,6,-12,10,-2,7,0.253484,0.262816,2e-06,0.007207,0.001575,,0,506,13,74,0.35,0.034702,-1
7498,-1,,7,6,13,-12,10,-2,6,0.288386,0.300022,0.005464,0.003267,0.002448,,0,506,6,52,0.107143,0.018297,-1
7412,-1,,5,4,9,-6,4,-2,7,0.282281,0.293815,0.000492,0.007179,0.003529,,0,506,3,61,0.15,0.033266,-1
7382,-1,,2,0,2,-2,0,-2,0,0.0,0.0,0.0,0.003897,0.0,,0,108,31,44,0.0,0.016349,-1
7381,-1,,1,0,1,-2,0,-2,0,0.0,0.0,0.0,0.003621,0.0,,0,205,52,44,0.0,0.01547,-1
7379,-1,,2,0,2,-2,0,-2,0,0.0,0.0,0.0,0.003374,0.0,,0,241,15,16,1.0,0.012529,-1
7384,-1,,2,0,2,-2,0,-2,0,0.0,0.0,0.0,0.000743,0.0,,0,109,73,16,0.0,0.007579,-1
7378,-1,,2,0,2,-2,0,-2,0,0.0,0.0,0.0,0.002559,0.0,,0,21,7,8,1.0,0.013537,-1
7383,-1,,1,0,1,-2,0,-2,0,0.0,0.0,0.0,0.001078,0.0,,0,292,94,53,0.0,0.00324,-1
7385,-1,,2,0,2,-2,0,-2,0,0.0,0.0,0.0,0.00148,0.0,,0,60,108,16,1.0,0.004643,-1
7376,-1,,1,0,1,-2,0,-2,0,0.0,0.0,0.0,0.000103,0.0,,0,294,122,50,0.0,0.000627,-1
7363,-1,,1,1,2,-1,-1,-2,8,0.2049,0.209666,0.0,3.8e-05,7.6e-05,,0,506,121,30,0.0,0.000487,-1
2866,-1,,1,2,3,1,-3,-2,7,0.279377,0.292855,0.0,0.003716,0.003818,,0,506,15,37,1.0,0.019042,-1
1935,-1,,2,3,5,2,-4,-2,7,0.252289,0.260671,7e-06,0.000124,0.000553,,0,506,11,71,0.083333,0.001098,-1
1581,-1,,2,3,5,4,-6,-2,7,0.275474,0.28665,2e-06,0.003065,0.002962,,0,506,13,35,0.333333,0.014448,-1
1158,-1,,2,3,5,6,-8,-2,7,0.282963,0.294885,1.8e-05,0.003129,0.003785,,0,506,11,88,0.166667,0.019935,-1
775,-1,,9,8,17,10,-12,-2,7,0.291618,0.302952,0.001193,0.003783,0.002537,,0,506,8,17,0.027778,0.021558,-1
286,-1,,13,17,30,29,-31,-2,6,0.329031,0.349093,0.000369,0.019741,0.02352,,0,506,11,78,0.104575,0.097282,-1
7517,-1,,7,12,19,-16,15,-1,6,0.318731,0.33743,4.8e-05,0.011668,0.018503,,0,506,15,42,0.429487,0.05704,-1
7443,-1,,2,4,6,-9,8,-1,7,0.291663,0.304117,4e-06,0.001476,0.005041,,0,506,13,0,0.0,0.007849,-1
7431,-1,,3,4,7,-8,7,-1,6,0.319819,0.340597,6.3e-05,0.00893,0.011251,,0,506,1,30,0.5,0.050067,-1
7387,-1,,5,2,7,-3,2,-1,7,0.283306,0.295277,1.1e-05,0.007708,0.003589,,0,506,14,93,0.4,0.042419,-1
7348,-1,,1,0,1,-1,0,-1,0,0.0,0.0,0.0,0.003555,0.0,,0,432,4,1,0.0,0.02022,-1
7352,-1,,1,0,1,-1,0,-1,0,0.0,0.0,0.0,0.003621,0.0,,0,224,24,44,0.0,0.01547,-1
7362,-1,,1,0,1,-1,0,-1,0,0.0,0.0,0.0,0.003621,0.0,,0,223,25,44,0.0,0.01547,-1
7361,-1,,1,0,1,-1,0,-1,0,0.0,0.0,0.0,0.003621,0.0,,0,222,26,44,0.0,0.01547,-1
7359,-1,,1,0,1,-1,0,-1,0,0.0,0.0,0.0,0.003621,0.0,,0,221,27,44,0.0,0.01547,-1
7360,-1,,1,0,1,-1,0,-1,0,0.0,0.0,0.0,0.003621,0.0,,0,220,28,44,0.0,0.01547,-1
7358,-1,,1,0,1,-1,0,-1,0,0.0,0.0,0.0,0.003621,0.0,,0,219,29,44,0.0,0.01547,-1
7357,-1,,1,0,1,-1,0,-1,0,0.0,0.0,0.0,0.003621,0.0,,0,218,32,44,0.0,0.01547,-1
7354,-1,,1,0,1,-1,0,-1,0,0.0,0.0,0.0,0.003621,0.0,,0,217,33,44,0.0,0.01547,-1
7356,-1,,1,0,1,-1,0,-1,0,0.0,0.0,0.0,0.003621,0.0,,0,216,34,44,0.0,0.01547,-1
7355,-1,,1,0,1,-1,0,-1,0,0.0,0.0,0.0,0.003621,0.0,,0,215,35,44,0.0,0.01547,-1
7353,-1,,1,0,1,-1,0,-1,0,0.0,0.0,0.0,0.003621,0.0,,0,214,36,44,0.0,0.01547,-1
7351,-1,,1,0,1,-1,0,-1,0,0.0,0.0,0.0,0.003621,0.0,,0,213,47,44,0.0,0.01547,-1
7350,-1,,1,0,1,-1,0,-1,0,0.0,0.0,0.0,0.003621,0.0,,0,212,48,44,0.0,0.01547,-1
7345,-1,,1,0,1,-1,0,-1,0,0.0,0.0,0.0,0.003621,0.0,,0,208,49,44,0.0,0.01547,-1
7347,-1,,1,0,1,-1,0,-1,0,0.0,0.0,0.0,0.003621,0.0,,0,206,51,44,0.0,0.01547,-1
7330,-1,,1,0,1,-1,0,-1,0,0.0,0.0,0.0,0.002701,0.0,,0,384,69,16,0.0,0.011728,-1
7368,-1,,1,0,1,-1,0,-1,0,0.0,0.0,0.0,0.002701,0.0,,0,383,71,16,0.0,0.011728,-1
7366,-1,,1,0,1,-1,0,-1,0,0.0,0.0,0.0,0.002701,0.0,,0,382,72,16,0.0,0.011728,-1
7349,-1,,1,0,1,-1,0,-1,0,0.0,0.0,0.0,0.003034,0.0,,0,299,79,8,0.0,0.007084,-1
7365,-1,,1,0,1,-1,0,-1,0,0.0,0.0,0.0,0.000445,0.0,,0,313,80,16,0.0,0.003162,-1
7342,-1,,1,0,1,-1,0,-1,0,0.0,0.0,0.0,0.001243,0.0,,0,128,85,28,0.0,0.006584,-1
7339,-1,,1,0,1,-1,0,-1,0,0.0,0.0,0.0,0.003018,0.0,,0,302,88,69,0.0,0.014495,-1
7329,-1,,1,0,1,-1,0,-1,0,0.0,0.0,0.0,0.000551,0.0,,0,37,89,12,0.0,0.002923,-1
7370,-1,,1,0,1,-1,0,-1,0,0.0,0.0,0.0,0.000552,0.0,,0,66,91,16,0.0,0.002192,-1
7367,-1,,1,0,1,-1,0,-1,0,0.0,0.0,0.0,0.001557,0.0,,0,235,92,30,0.0,0.0081,-1
7343,-1,,1,0,1,-1,0,-1,0,0.0,0.0,0.0,0.001431,0.0,,0,236,93,59,0.0,0.007187,-1
7332,-1,,1,0,1,-1,0,-1,0,0.0,0.0,0.0,0.000693,0.0,,0,76,96,19,0.0,0.003406,-1
7338,-1,,1,0,1,-1,0,-1,0,0.0,0.0,0.0,0.000267,0.0,,0,17,100,61,0.0,0.002267,-1
7331,-1,,1,0,1,-1,0,-1,0,0.0,0.0,0.0,0.000274,0.0,,0,41,101,66,0.0,0.001636,-1
7346,-1,,1,0,1,-1,0,-1,0,0.0,0.0,0.0,0.000243,0.0,,0,123,107,30,0.0,0.000965,-1
7344,-1,,1,0,1,-1,0,-1,0,0.0,0.0,0.0,9e-05,0.0,,0,195,112,31,0.0,0.000491,-1
7364,-1,,1,0,1,-1,0,-1,0,0.0,0.0,0.0,0.00145,0.0,,0,251,114,16,0.0,0.004297,-1
1830,-1,,3,6,9,3,-4,-1,6,0.290083,0.304355,5e-06,0.005701,0.007504,,0,506,13,57,0.266667,0.029597,-1
7536,-1,,6,10,16,-20,20,0,6,0.317704,0.333867,1.8e-05,0.011562,0.016082,,0,506,15,42,0.484848,0.055689,-1
7481,-1,,1,1,2,-10,10,0,7,0.240331,0.247991,0.0,0.000663,0.000614,,0,506,13,34,0.0,0.002892,-1
7455,-1,,1,1,2,-10,10,0,1,1.0,1.0,1e-06,0.000251,0.000112,,0,22,98,26,0.0,0.001976,-1
7406,-1,,4,3,7,-5,5,0,7,0.289858,0.305167,9.5e-05,0.009776,0.006976,,0,506,13,89,0.5,0.05133,-1
7391,-1,,3,3,6,-3,3,0,6,0.282026,0.295009,2e-06,0.006158,0.005388,,0,506,15,25,0.333333,0.025904,-1
7369,-1,,2,1,3,-1,1,0,7,0.254673,0.263899,0.0,0.003152,0.001334,,0,506,0,16,1.0,0.013652,-1
7333,-1,,1,1,2,-1,1,0,7,0.235838,0.242609,0.0,0.000331,0.000415,,0,506,15,100,0.0,0.002124,-1
7444,-1,,6,6,12,-9,10,1,6,0.296065,0.312957,0.000264,0.00981,0.009751,,0,506,15,28,0.285714,0.051834,-1
7397,-1,,6,7,13,-4,5,1,7,0.278732,0.293022,0.000573,0.003839,0.004372,,0,506,12,50,0.071429,0.024592,-1
7389,-1,,7,4,11,-3,4,1,7,0.285008,0.298681,0.000213,0.006789,0.004593,,0,506,7,100,0.142857,0.035526,-1
7327,-1,,9,2,11,-1,2,1,7,0.244025,0.250949,5.7e-05,0.005711,0.000245,,0,506,2,71,0.111111,0.033597,-1
7535,-1,,4,3,7,-20,22,2,8,0.229076,0.235311,2e-06,0.009544,0.000679,,0,506,7,8,0.566667,0.045515,-1
7512,-1,,18,13,31,-15,17,2,6,0.321383,0.337603,0.000216,0.022437,0.017618,,0,506,14,64,0.156863,0.118931,-1
7394,-1,,6,10,16,-4,6,2,6,0.311135,0.32643,0.000484,0.002958,0.007928,,0,506,6,52,0.090909,0.016111,-1
7377,-1,,3,3,6,-2,4,2,6,0.314267,0.329206,0.0,0.011627,0.011828,,0,506,13,38,1.0,0.061147,-1
7483,-1,,5,3,8,-11,15,4,8,0.229076,0.235311,2e-06,0.009694,0.000675,,0,506,7,8,0.533333,0.047,-1
7416,-1,,3,5,8,-7,11,4,8,0.235527,0.24183,0.001207,0.00021,0.000209,,0,506,11,100,0.05,0.001157,-1
7410,-1,,6,7,13,-6,10,4,6,0.319383,0.33896,0.000218,0.006046,0.009454,,0,506,11,91,0.071429,0.031373,-1
7371,-1,,7,6,13,-2,6,4,7,0.282664,0.295003,0.001102,0.002746,0.002665,,0,506,14,91,0.0,0.015163,-1
7520,-1,,6,5,11,-17,22,5,8,0.195421,0.200905,0.000367,0.001781,0.000124,,0,506,76,52,0.125,0.008617,-1
7420,-1,,3,2,5,-7,12,5,6,0.276042,0.28848,5e-06,0.003629,0.003766,,0,506,13,35,0.333333,0.019824,-1
7375,-1,,5,7,12,-2,7,5,7,0.282792,0.293713,0.000501,0.002144,0.00264,,0,506,11,2,0.0,0.011419,-1
7417,-1,,4,2,6,-7,13,6,1,1.0,1.0,0.0,0.006283,0.0003,,0,19,7,8,0.6,0.033426,-1
7373,-1,,9,8,17,-2,8,6,7,0.254241,0.263683,0.000683,0.001845,0.000694,,0,506,6,17,0.013889,0.01008,-1
7372,-1,,9,8,17,-2,9,7,6,0.310439,0.324086,0.000862,0.006256,0.005436,,0,506,1,26,0.097222,0.033266,-1
7388,-1,,6,2,8,-3,11,8,7,0.250669,0.258102,1.8e-05,0.00639,0.000476,,0,506,7,40,0.166667,0.03258,-1
7341,-1,,10,9,19,-1,9,8,6,0.33286,0.354946,0.001539,0.020258,0.017258,,0,506,1,17,0.255556,0.101637,-1
7336,-1,,3,3,6,-1,10,9,7,0.290308,0.30581,0.001712,0.004419,0.004644,,0,506,13,70,0.0,0.02459,-1
7390,-1,,8,7,15,-3,14,11,6,0.31173,0.330518,0.000683,0.012219,0.011741,,0,506,13,22,0.178571,0.062327,-1
7337,-1,,1,3,4,-1,12,11,7,0.267147,0.279765,4e-06,0.000444,0.002372,,0,506,12,10,0.0,0.002448,-1
7513,-1,,7,8,15,-15,29,14,7,0.297027,0.31046,0.000565,0.012904,0.006321,,0,506,7,8,0.263636,0.062974,-1
7403,-1,,4,6,10,-5,19,14,6,0.317435,0.332479,0.000125,0.004879,0.012315,,0,506,8,28,0.267857,0.028527,-1
7400,-1,,9,4,13,-5,19,14,7,0.277597,0.288402,2.6e-05,0.010418,0.001943,,0,506,8,56,0.244444,0.049203,-1
7334,-1,,15,7,22,-1,16,15,6,0.305255,0.318748,7.7e-05,0.018445,0.011196,,0,506,2,19,0.27619,0.10489,-1
7386,-1,,3,14,17,-2,18,16,7,0.294668,0.310104,5e-06,0.000789,0.005988,,0,506,3,16,0.434066,0.003435,-1
7380,-1,,7,7,14,-2,28,26,6,0.313951,0.333253,0.0005,0.014879,0.013655,,0,506,13,28,0.428571,0.070723,-1
7564,-1,,92,76,168,-29,108,79,6,0.329929,0.354719,0.019264,0.028579,0.018175,,0,506,6,3,0.022368,0.160402,-1
7335,-1,,7,17,24,-1,88,87,7,0.308649,0.325534,0.000505,0.004705,0.013683,,0,506,3,16,0.313726,0.02107,-1
5446,0,,2,0,2,0,0,0,0,0.0,0.0,0.0,0.004839,0.0,,0,210,12,74,1.0,0.024537,1
4910,0,,2,0,2,0,0,0,0,0.0,0.0,0.0,0.004738,0.0,,0,11,98,26,0.0,0.024118,0
4057,0,,2,0,2,0,0,0,0,0.0,0.0,0.0,0.002337,0.0,,0,77,11,100,0.0,0.013921,0
7325,0,,2,0,2,0,0,0,0,0.0,0.0,0.0,0.002889,0.0,,0,142,68,16,1.0,0.012398,1
7310,0,,2,0,2,0,0,0,0,0.0,0.0,0.0,0.003254,0.0,,0,65,3,16,1.0,0.01392,0
6921,0,,2,0,2,0,0,0,0,0.0,0.0,0.0,0.004152,0.0,,0,252,3,16,1.0,0.016024,0
7321,0,,2,0,2,0,0,0,0,0.0,0.0,0.0,0.003463,0.0,,0,146,70,16,1.0,0.014178,0
7312,0,,2,0,2,0,0,0,0,0.0,0.0,0.0,0.003254,0.0,,0,248,9,16,1.0,0.01392,0
2358,0,,2,4,6,2,-2,0,7,0.305803,0.321095,9e-06,0.00313,0.010039,,0,506,13,37,0.416667,0.015099,0
1569,0,,2,3,5,4,-4,0,6,0.288475,0.300302,4e-06,0.002843,0.004588,,0,506,13,22,0.0,0.018176,0
838,0,,1,1,2,10,-10,0,8,0.235868,0.242929,0.0,0.000323,0.000111,,0,506,104,16,0.0,0.000556,0
4721,0,,2,1,3,0,1,1,6,0.293514,0.312147,1.1e-05,0.007176,0.003539,,0,506,1,1,0.0,0.035691,0
7126,0,,0,1,1,0,1,1,7,0.276218,0.288845,0.0,0.0,0.003037,,0,508,13,67,0.0,0.0,0
6369,0,,7,9,16,0,1,1,7,0.309158,0.324698,0.000588,0.010037,0.010655,,0,506,13,28,0.069444,0.052015,0
7063,0,,0,1,1,0,1,1,7,0.284392,0.297299,0.0,0.0,0.002337,,0,511,3,16,0.0,0.0,0
5140,0,,2,1,3,0,1,1,7,0.280864,0.291476,1e-06,0.002613,0.002364,,0,506,11,45,0.0,0.013301,0
6667,0,,0,1,1,0,1,1,7,0.260985,0.271345,0.0,0.0,0.0019,,0,514,13,43,0.0,0.0,0
6317,0,,0,1,1,0,1,1,7,0.260985,0.271345,0.0,0.0,0.0019,,0,515,13,43,0.0,0.0,0
6290,0,,0,1,1,0,1,1,7,0.260985,0.271345,0.0,0.0,0.0019,,0,516,13,43,0.0,0.0,0
6131,0,,0,1,1,0,1,1,7,0.260985,0.271345,0.0,0.0,0.0019,,0,517,13,43,0.0,0.0,0
6434,0,,0,1,1,0,1,1,7,0.254689,0.263917,0.0,0.0,0.001334,,0,518,3,16,0.0,0.0,0
4888,0,,0,1,1,0,1,1,7,0.254689,0.263917,0.0,0.0,0.001334,,0,519,3,16,0.0,0.0,0
3999,0,,0,1,1,0,1,1,7,0.254689,0.263917,0.0,0.0,0.001334,,0,520,3,16,0.0,0.0,1
5392,0,,2,1,3,0,1,1,8,0.23057,0.23786,0.0,0.002648,0.000242,,0,506,7,53,0.0,0.013306,0
6644,0,,0,1,1,0,1,1,7,0.2623,0.271323,0.0,0.0,0.001523,,0,522,13,35,0.0,0.0,0
6786,0,,0,1,1,0,1,1,7,0.251341,0.259494,0.0,0.0,0.000636,,0,524,13,93,0.0,0.0,0
6123,0,,0,1,1,0,1,1,7,0.251341,0.259494,0.0,0.0,0.000636,,0,525,13,93,0.0,0.0,0
3480,0,,0,1,1,0,1,1,7,0.229179,0.237488,0.0,0.0,1.3e-05,,0,527,1,4,0.0,0.0,0
4311,0,,2,1,3,0,1,1,9,0.157622,0.15997,5.6e-05,9.4e-05,0.0,,0,506,2,58,0.0,0.00046,0
7230,0,,0,1,1,0,1,1,8,0.218951,0.225464,0.0,0.0,5.9e-05,,0,528,12,74,0.0,0.0,0
6166,0,,0,1,1,0,1,1,1,1.0,1.0,0.0,0.0,7.3e-05,,0,529,12,74,0.0,0.0,0
7273,0,,2,1,3,0,1,1,8,0.207936,0.213383,0.0,0.00148,9e-05,,0,506,3,16,1.0,0.004643,0
7198,0,,0,1,1,0,1,1,8,0.207968,0.21346,0.0,0.0,9e-05,,0,531,3,16,0.0,0.0,0
6157,0,,0,1,1,0,1,1,1,1.0,1.0,0.0,0.0,5.7e-05,,0,534,13,8,0.0,0.0,0
6336,0,,0,1,1,0,1,1,1,1.0,1.0,0.0,0.0,0.0,,3,536,115,104,0.0,0.0,0
3421,0,,1,0,1,1,0,1,0,0.0,0.0,0.0,0.003555,0.0,,0,502,1,1,0.0,0.02022,0
3418,0,,1,0,1,1,0,1,0,0.0,0.0,0.0,0.003555,0.0,,0,501,1,1,0.0,0.02022,1
3402,0,,1,0,1,1,0,1,0,0.0,0.0,0.0,0.003555,0.0,,0,500,1,1,0.0,0.02022,0
3385,0,,1,0,1,1,0,1,0,0.0,0.0,0.0,0.003555,0.0,,0,499,1,1,0.0,0.02022,1
3367,0,,1,0,1,1,0,1,0,0.0,0.0,0.0,0.003555,0.0,,0,498,1,1,0.0,0.02022,1
3349,0,,1,0,1,1,0,1,0,0.0,0.0,0.0,0.003555,0.0,,0,497,1,1,0.0,0.02022,0
3339,0,,1,0,1,1,0,1,0,0.0,0.0,0.0,0.003555,0.0,,0,496,1,1,0.0,0.02022,1
3335,0,,1,0,1,1,0,1,0,0.0,0.0,0.0,0.003555,0.0,,0,495,1,1,0.0,0.02022,0
3317,0,,1,0,1,1,0,1,0,0.0,0.0,0.0,0.003555,0.0,,0,494,1,1,0.0,0.02022,0
3313,0,,1,0,1,1,0,1,0,0.0,0.0,0.0,0.003555,0.0,,0,493,1,1,0.0,0.02022,0
3295,0,,1,0,1,1,0,1,0,0.0,0.0,0.0,0.003555,0.0,,0,492,1,1,0.0,0.02022,1
3283,0,,1,0,1,1,0,1,0,0.0,0.0,0.0,0.003555,0.0,,0,491,1,1,0.0,0.02022,0
3256,0,,1,0,1,1,0,1,0,0.0,0.0,0.0,0.003555,0.0,,0,490,1,1,0.0,0.02022,0
3259,0,,1,0,1,1,0,1,0,0.0,0.0,0.0,0.003555,0.0,,0,489,1,1,0.0,0.02022,0
3247,0,,1,0,1,1,0,1,0,0.0,0.0,0.0,0.003555,0.0,,0,488,1,1,0.0,0.02022,1
3215,0,,1,0,1,1,0,1,0,0.0,0.0,0.0,0.003555,0.0,,0,487,1,1,0.0,0.02022,0
3202,0,,1,0,1,1,0,1,0,0.0,0.0,0.0,0.003555,0.0,,0,486,1,1,0.0,0.02022,1
3163,0,,1,0,1,1,0,1,0,0.0,0.0,0.0,0.003555,0.0,,0,485,1,1,0.0,0.02022,0
3148,0,,1,0,1,1,0,1,0,0.0,0.0,0.0,0.003555,0.0,,0,484,1,1,0.0,0.02022,-1
3124,0,,1,0,1,1,0,1,0,0.0,0.0,0.0,0.003555,0.0,,0,483,1,1,0.0,0.02022,0
3113,0,,1,0,1,1,0,1,0,0.0,0.0,0.0,0.003555,0.0,,0,482,1,1,0.0,0.02022,1
3013,0,,1,0,1,1,0,1,0,0.0,0.0,0.0,0.003555,0.0,,0,481,1,1,0.0,0.02022,0
3103,0,,1,0,1,1,0,1,0,0.0,0.0,0.0,0.003555,0.0,,0,480,1,1,0.0,0.02022,0
3101,0,,1,0,1,1,0,1,0,0.0,0.0,0.0,0.003555,0.0,,0,479,1,1,0.0,0.02022,0
3083,0,,1,0,1,1,0,1,0,0.0,0.0,0.0,0.003555,0.0,,0,478,1,1,0.0,0.02022,0
3084,0,,1,0,1,1,0,1,0,0.0,0.0,0.0,0.003555,0.0,,0,476,1,1,0.0,0.02022,0
3078,0,,1,0,1,1,0,1,0,0.0,0.0,0.0,0.003555,0.0,,0,475,1,1,0.0,0.02022,1
3062,0,,1,0,1,1,0,1,0,0.0,0.0,0.0,0.003555,0.0,,0,474,1,1,0.0,0.02022,1
3059,0,,1,0,1,1,0,1,0,0.0,0.0,0.0,0.003555,0.0,,0,473,1,1,0.0,0.02022,1
3048,0,,1,0,1,1,0,1,0,0.0,0.0,0.0,0.003555,0.0,,0,472,1,1,0.0,0.02022,1
3004,0,,1,0,1,1,0,1,0,0.0,0.0,0.0,0.003555,0.0,,0,471,1,1,0.0,0.02022,1
3006,0,,1,0,1,1,0,1,0,0.0,0.0,0.0,0.003555,0.0,,0,470,1,1,0.0,0.02022,-1
3000,0,,1,0,1,1,0,1,0,0.0,0.0,0.0,0.003555,0.0,,0,469,1,1,0.0,0.02022,0
2999,0,,1,0,1,1,0,1,0,0.0,0.0,0.0,0.003555,0.0,,0,468,1,1,0.0,0.02022,0
2989,0,,1,0,1,1,0,1,0,0.0,0.0,0.0,0.003555,0.0,,0,467,1,1,0.0,0.02022,1
2941,0,,1,0,1,1,0,1,0,0.0,0.0,0.0,0.003555,0.0,,0,466,1,1,0.0,0.02022,0
2947,0,,1,0,1,1,0,1,0,0.0,0.0,0.0,0.003555,0.0,,0,465,1,1,0.0,0.02022,0
2945,0,,1,0,1,1,0,1,0,0.0,0.0,0.0,0.003555,0.0,,0,464,1,1,0.0,0.02022,1
2926,0,,1,0,1,1,0,1,0,0.0,0.0,0.0,0.003555,0.0,,0,463,1,1,0.0,0.02022,0
2920,0,,1,0,1,1,0,1,0,0.0,0.0,0.0,0.003555,0.0,,0,462,1,1,0.0,0.02022,1
2782,0,,1,0,1,1,0,1,0,0.0,0.0,0.0,0.003555,0.0,,0,461,1,1,0.0,0.02022,1
2904,0,,1,0,1,1,0,1,0,0.0,0.0,0.0,0.003555,0.0,,0,460,1,1,0.0,0.02022,1
2898,0,,1,0,1,1,0,1,0,0.0,0.0,0.0,0.003555,0.0,,0,459,1,1,0.0,0.02022,1
2881,0,,1,0,1,1,0,1,0,0.0,0.0,0.0,0.003555,0.0,,0,458,1,1,0.0,0.02022,0
2858,0,,1,0,1,1,0,1,0,0.0,0.0,0.0,0.003555,0.0,,0,457,1,1,0.0,0.02022,0
2837,0,,1,0,1,1,0,1,0,0.0,0.0,0.0,0.003555,0.0,,0,456,1,1,0.0,0.02022,1
2830,0,,1,0,1,1,0,1,0,0.0,0.0,0.0,0.003555,0.0,,0,455,1,1,0.0,0.02022,0
2632,0,,1,0,1,1,0,1,0,0.0,0.0,0.0,0.003555,0.0,,0,454,1,1,0.0,0.02022,0
2810,0,,1,0,1,1,0,1,0,0.0,0.0,0.0,0.003555,0.0,,0,453,1,1,0.0,0.02022,0
2793,0,,1,0,1,1,0,1,0,0.0,0.0,0.0,0.003555,0.0,,0,452,1,1,0.0,0.02022,0
2786,0,,1,0,1,1,0,1,0,0.0,0.0,0.0,0.003555,0.0,,0,451,1,1,0.0,0.02022,0
2783,0,,1,0,1,1,0,1,0,0.0,0.0,0.0,0.003555,0.0,,0,450,1,1,0.0,0.02022,0
2775,0,,1,0,1,1,0,1,0,0.0,0.0,0.0,0.003555,0.0,,0,449,1,1,0.0,0.02022,0
2772,0,,1,0,1,1,0,1,0,0.0,0.0,0.0,0.003555,0.0,,0,448,1,1,0.0,0.02022,0
2771,0,,1,0,1,1,0,1,0,0.0,0.0,0.0,0.003555,0.0,,0,447,1,1,0.0,0.02022,0
2767,0,,1,0,1,1,0,1,0,0.0,0.0,0.0,0.003555,0.0,,0,446,1,1,0.0,0.02022,0
2764,0,,1,0,1,1,0,1,0,0.0,0.0,0.0,0.003555,0.0,,0,445,1,1,0.0,0.02022,0
2763,0,,1,0,1,1,0,1,0,0.0,0.0,0.0,0.003555,0.0,,0,444,1,1,0.0,0.02022,1
2752,0,,1,0,1,1,0,1,0,0.0,0.0,0.0,0.003555,0.0,,0,443,1,1,0.0,0.02022,0
2750,0,,1,0,1,1,0,1,0,0.0,0.0,0.0,0.003555,0.0,,0,442,1,1,0.0,0.02022,1
2747,0,,1,0,1,1,0,1,0,0.0,0.0,0.0,0.003555,0.0,,0,441,1,1,0.0,0.02022,0
2744,0,,1,0,1,1,0,1,0,0.0,0.0,0.0,0.003555,0.0,,0,440,1,1,0.0,0.02022,0
2743,0,,1,0,1,1,0,1,0,0.0,0.0,0.0,0.003555,0.0,,0,439,1,1,0.0,0.02022,1
2707,0,,1,0,1,1,0,1,0,0.0,0.0,0.0,0.003555,0.0,,0,438,1,1,0.0,0.02022,0
2713,0,,1,0,1,1,0,1,0,0.0,0.0,0.0,0.003555,0.0,,0,437,1,1,0.0,0.02022,0
2700,0,,1,0,1,1,0,1,0,0.0,0.0,0.0,0.003555,0.0,,0,436,1,1,0.0,0.02022,1
2695,0,,1,0,1,1,0,1,0,0.0,0.0,0.0,0.003555,0.0,,0,435,1,1,0.0,0.02022,1
2619,0,,1,0,1,1,0,1,0,0.0,0.0,0.0,0.003555,0.0,,0,434,1,1,0.0,0.02022,1
2605,0,,1,0,1,1,0,1,0,0.0,0.0,0.0,0.003555,0.0,,0,433,1,1,0.0,0.02022,1
2839,0,,1,0,1,1,0,1,0,0.0,0.0,0.0,0.003788,0.0,,0,403,8,13,0.0,0.021127,0
2903,0,,1,0,1,1,0,1,0,0.0,0.0,0.0,0.003818,0.0,,0,342,13,38,0.0,0.021747,0
3049,0,,1,0,1,1,0,1,0,0.0,0.0,0.0,0.003818,0.0,,0,340,13,38,0.0,0.021747,0
2997,0,,1,0,1,1,0,1,0,0.0,0.0,0.0,0.002602,0.0,,0,349,2,18,0.0,0.014116,0
2868,0,,1,0,1,1,0,1,0,0.0,0.0,0.0,0.002602,0.0,,0,348,2,18,0.0,0.014116,1
2740,0,,1,0,1,1,0,1,0,0.0,0.0,0.0,0.002602,0.0,,0,347,2,18,0.0,0.014116,0
2709,0,,1,0,1,1,0,1,0,0.0,0.0,0.0,0.002602,0.0,,0,346,2,18,0.0,0.014116,0
3365,0,,1,0,1,1,0,1,0,0.0,0.0,0.0,0.002881,0.0,,0,311,13,77,0.0,0.015207,0
3192,0,,1,0,1,1,0,1,0,0.0,0.0,0.0,0.002881,0.0,,0,310,13,77,0.0,0.015207,1
3351,0,,1,0,1,1,0,1,0,0.0,0.0,0.0,0.003716,0.0,,0,355,15,37,0.0,0.019042,0
3177,0,,1,0,1,1,0,1,0,0.0,0.0,0.0,0.003716,0.0,,0,354,15,37,0.0,0.019042,0
3052,0,,1,0,1,1,0,1,0,0.0,0.0,0.0,0.003716,0.0,,0,353,15,37,0.0,0.019042,0
3400,0,,1,0,1,1,0,1,0,0.0,0.0,0.0,0.003621,0.0,,0,225,13,44,0.0,0.01547,1
3129,0,,3,0,3,1,0,1,0,0.0,0.0,0.0,0.004362,0.0,,0,130,15,28,0.0,0.018648,0
3135,0,,1,0,1,1,0,1,0,0.0,0.0,0.0,0.003341,0.0,,0,399,14,51,0.0,0.017061,0
3224,0,,1,0,1,1,0,1,0,0.0,0.0,0.0,0.004735,0.0,,0,409,14,62,0.0,0.024045,0
2918,0,,1,0,1,1,0,1,0,0.0,0.0,0.0,0.004735,0.0,,0,408,14,62,0.0,0.024045,1
2791,0,,1,0,1,1,0,1,0,0.0,0.0,0.0,0.004735,0.0,,0,407,14,62,0.0,0.024045,0
3370,0,,1,0,1,1,0,1,0,0.0,0.0,0.0,0.001218,0.0,,0,417,12,74,0.0,0.009067,0
2813,0,,1,0,1,1,0,1,0,0.0,0.0,0.0,0.001644,0.0,,0,287,11,100,0.0,0.010515,0
2812,0,,1,0,1,1,0,1,0,0.0,0.0,0.0,0.001644,0.0,,0,286,11,100,0.0,0.010515,0
3443,0,,3,0,3,1,0,1,0,0.0,0.0,0.0,0.003859,0.0,,0,95,3,16,1.0,0.015371,0
3448,0,,1,0,1,1,0,1,0,0.0,0.0,0.0,0.002701,0.0,,0,398,3,16,0.0,0.011728,-1
3442,0,,1,0,1,1,0,1,0,0.0,0.0,0.0,0.002701,0.0,,0,397,3,16,0.0,0.011728,1
3382,0,,1,0,1,1,0,1,0,0.0,0.0,0.0,0.002701,0.0,,0,396,3,16,0.0,0.011728,0
3439,0,,1,0,1,1,0,1,0,0.0,0.0,0.0,0.002701,0.0,,0,395,3,16,0.0,0.011728,1
3438,0,,1,0,1,1,0,1,0,0.0,0.0,0.0,0.002701,0.0,,0,394,3,16,0.0,0.011728,1
3437,0,,1,0,1,1,0,1,0,0.0,0.0,0.0,0.002701,0.0,,0,393,3,16,0.0,0.011728,0
3434,0,,1,0,1,1,0,1,0,0.0,0.0,0.0,0.002701,0.0,,0,392,3,16,0.0,0.011728,0
3433,0,,1,0,1,1,0,1,0,0.0,0.0,0.0,0.002701,0.0,,0,391,3,16,0.0,0.011728,0
3430,0,,1,0,1,1,0,1,0,0.0,0.0,0.0,0.002701,0.0,,0,390,3,16,0.0,0.011728,0
3431,0,,1,0,1,1,0,1,0,0.0,0.0,0.0,0.002701,0.0,,0,389,3,16,0.0,0.011728,0
3427,0,,1,0,1,1,0,1,0,0.0,0.0,0.0,0.002701,0.0,,0,388,3,16,0.0,0.011728,0
3091,0,,1,0,1,1,0,1,0,0.0,0.0,0.0,0.002701,0.0,,0,387,3,16,0.0,0.011728,1
3407,0,,1,0,1,1,0,1,0,0.0,0.0,0.0,0.002701,0.0,,0,386,3,16,0.0,0.011728,0
2633,0,,1,0,1,1,0,1,0,0.0,0.0,0.0,0.002701,0.0,,0,385,3,16,0.0,0.011728,0
2797,0,,1,0,1,1,0,1,0,0.0,0.0,0.0,0.002471,0.0,,0,405,11,92,0.0,0.012639,0
3373,0,,1,0,1,1,0,1,0,0.0,0.0,0.0,0.002806,0.0,,0,262,13,59,0.0,0.013662,0
2651,0,,1,0,1,1,0,1,0,0.0,0.0,0.0,0.003402,0.0,,0,281,8,36,0.0,0.013319,0
2745,0,,1,0,1,1,0,1,0,0.0,0.0,0.0,0.003402,0.0,,0,280,8,36,0.0,0.013319,0
2441,0,,1,0,1,1,0,1,0,0.0,0.0,0.0,0.000458,0.0,,0,277,2,20,0.0,0.003168,1
3071,0,,1,0,1,1,0,1,0,0.0,0.0,0.0,0.002614,0.0,,0,414,7,76,0.0,0.013068,0
3322,0,,1,0,1,1,0,1,0,0.0,0.0,0.0,0.002788,0.0,,0,297,13,82,0.0,0.012786,0
3441,0,,1,0,1,1,0,1,0,0.0,0.0,0.0,0.000571,0.0,,0,308,3,16,0.0,0.00663,0
3310,0,,1,0,1,1,0,1,0,0.0,0.0,0.0,0.001199,0.0,,0,167,1,5,0.0,0.005341,0
3044,0,,1,0,1,1,0,1,0,0.0,0.0,0.0,0.001199,0.0,,0,166,1,5,0.0,0.005341,0
2873,0,,1,0,1,1,0,1,0,0.0,0.0,0.0,0.001242,0.0,,0,268,2,96,0.0,0.006265,0
2919,0,,1,0,1,1,0,1,0,0.0,0.0,0.0,0.00186,0.0,,0,426,8,60,0.0,0.010097,0
3308,0,,1,0,1,1,0,1,0,0.0,0.0,0.0,0.00025,0.0,,0,378,12,74,0.0,0.001664,0
3303,0,,1,0,1,1,0,1,0,0.0,0.0,0.0,0.00025,0.0,,0,377,12,74,0.0,0.001664,1
3174,0,,1,0,1,1,0,1,0,0.0,0.0,0.0,0.00025,0.0,,0,376,12,74,0.0,0.001664,0
3065,0,,1,0,1,1,0,1,0,0.0,0.0,0.0,0.00025,0.0,,0,375,12,74,0.0,0.001664,0
2896,0,,1,0,1,1,0,1,0,0.0,0.0,0.0,0.00152,0.0,,0,282,7,98,0.0,0.007304,0
3417,0,,1,0,1,1,0,1,0,0.0,0.0,0.0,0.001047,0.0,,0,284,2,80,0.0,0.005231,0
2766,0,,1,0,1,1,0,1,0,0.0,0.0,0.0,0.000522,0.0,,0,228,1,4,0.0,0.003016,1
3411,0,,1,0,1,1,0,1,0,0.0,0.0,0.0,0.003034,0.0,,0,301,13,8,0.0,0.007084,1
3024,0,,1,0,1,1,0,1,0,0.0,0.0,0.0,0.000581,0.0,,0,430,12,74,0.0,0.002655,0
2449,0,,1,0,1,1,0,1,0,0.0,0.0,0.0,0.00095,0.0,,0,424,13,11,0.0,0.005418,0
3342,0,,1,0,1,1,0,1,0,0.0,0.0,0.0,0.001667,0.0,,0,135,13,81,0.0,0.007927,0
3440,0,,1,0,1,1,0,1,0,0.0,0.0,0.0,0.000451,0.0,,0,145,3,16,0.0,0.001924,0
3444,0,,1,0,1,1,0,1,0,0.0,0.0,0.0,0.000451,0.0,,0,144,3,16,0.0,0.001924,0
3395,0,,1,0,1,1,0,1,0,0.0,0.0,0.0,0.000451,0.0,,0,140,3,16,0.0,0.001924,0
3393,0,,1,0,1,1,0,1,0,0.0,0.0,0.0,0.000451,0.0,,0,139,3,16,0.0,0.001924,0
3208,0,,1,0,1,1,0,1,0,0.0,0.0,0.0,0.001253,0.0,,0,234,15,35,0.0,0.007178,0
3412,0,,1,0,1,1,0,1,0,0.0,0.0,0.0,0.001243,0.0,,0,132,13,28,0.0,0.006584,1
3284,0,,1,0,1,1,0,1,0,0.0,0.0,0.0,0.001243,0.0,,0,131,13,28,0.0,0.006584,0
2953,0,,1,0,1,1,0,1,0,0.0,0.0,0.0,0.003018,0.0,,0,306,13,69,0.0,0.014495,0
3302,0,,1,0,1,1,0,1,0,0.0,0.0,0.0,0.003018,0.0,,0,305,13,69,0.0,0.014495,0
3425,0,,1,0,1,1,0,1,0,0.0,0.0,0.0,0.001151,0.0,,0,162,3,16,0.0,0.004876,1
2624,0,,1,0,1,1,0,1,0,0.0,0.0,0.0,0.000542,0.0,,0,421,2,79,0.0,0.003698,0
2455,0,,1,0,1,1,0,1,0,0.0,0.0,0.0,0.000542,0.0,,0,420,2,79,0.0,0.003698,0
3445,0,,3,0,3,1,0,1,0,0.0,0.0,0.0,0.001315,0.0,,0,94,3,16,0.666667,0.004066,0
3398,0,,1,0,1,1,0,1,0,0.0,0.0,0.0,0.000552,0.0,,0,249,3,16,0.0,0.002192,0
3429,0,,1,0,1,1,0,1,0,0.0,0.0,0.0,0.000552,0.0,,0,247,3,16,0.0,0.002192,0
3426,0,,1,0,1,1,0,1,0,0.0,0.0,0.0,0.000552,0.0,,0,246,3,16,0.0,0.002192,0
3423,0,,1,0,1,1,0,1,0,0.0,0.0,0.0,0.000552,0.0,,0,245,3,16,0.0,0.002192,0
3374,0,,1,0,1,1,0,1,0,0.0,0.0,0.0,0.000552,0.0,,0,244,3,16,0.0,0.002192,0
2774,0,,1,0,1,1,0,1,0,0.0,0.0,0.0,0.001193,0.0,,0,42,14,0,0.0,0.006346,0
3371,0,,1,0,1,1,0,1,0,0.0,0.0,0.0,0.000555,0.0,,0,150,3,16,0.0,0.002312,0
2673,0,,1,0,1,1,0,1,0,0.0,0.0,0.0,0.000555,0.0,,0,112,3,16,0.0,0.002312,1
2551,0,,1,0,1,1,0,1,0,0.0,0.0,0.0,0.00043,0.0,,0,289,14,66,0.0,0.002664,1
2653,0,,1,0,1,1,0,1,0,0.0,0.0,0.0,0.000471,0.0,,0,337,2,102,0.0,0.00226,0
3152,0,,1,0,1,1,0,1,0,0.0,0.0,0.0,0.001667,0.0,,0,427,13,92,0.0,0.01126,0
2634,0,,1,2,3,1,0,1,8,0.236374,0.243771,0.0,0.000348,0.000979,,0,506,2,5,0.0,0.002716,1
2946,0,,1,0,1,1,0,1,0,0.0,0.0,0.0,0.003861,0.0,,0,412,7,6,0.0,0.019688,1
2679,0,,1,0,1,1,0,1,0,0.0,0.0,0.0,0.003861,0.0,,0,411,7,6,0.0,0.019688,0
2550,0,,1,0,1,1,0,1,0,0.0,0.0,0.0,0.000142,0.0,,0,28,2,3,0.0,0.001588,0
2636,0,,1,0,1,1,0,1,0,0.0,0.0,0.0,0.000236,0.0,,0,352,6,17,0.0,0.001562,1
2657,0,,1,0,1,1,0,1,0,0.0,0.0,0.0,0.000288,0.0,,0,410,12,74,0.0,0.001129,0
2686,0,,1,0,1,1,0,1,0,0.0,0.0,0.0,0.000823,0.0,,0,68,13,45,0.0,0.004466,0
2647,0,,1,0,1,1,0,1,0,0.0,0.0,0.0,0.001137,0.0,,0,364,11,97,0.0,0.005506,0
3450,0,,1,0,1,1,0,1,0,0.0,0.0,0.0,0.000396,0.0,,0,154,3,16,0.0,0.001193,0
2827,0,,1,0,1,1,0,1,0,0.0,0.0,0.0,0.0,0.0,,0,231,1,4,0.0,0.000395,0
3086,0,,1,0,1,1,0,1,0,0.0,0.0,0.0,0.000444,0.0,,0,374,3,10,0.0,0.002448,0
3069,0,,1,0,1,1,0,1,0,0.0,0.0,0.0,0.000267,0.0,,0,369,6,61,0.0,0.002267,0
3424,0,,1,0,1,1,0,1,0,0.0,0.0,0.0,0.000678,0.0,,0,158,3,24,0.0,0.002704,1
3399,0,,1,0,1,1,0,1,0,0.0,0.0,0.0,0.000678,0.0,,0,157,3,24,0.0,0.002704,0
3128,0,,1,0,1,1,0,1,0,0.0,0.0,0.0,0.000411,0.0,,0,186,3,16,0.0,0.001905,1
2699,0,,1,0,1,1,0,1,0,0.0,0.0,0.0,0.000188,0.0,,0,265,13,89,0.0,0.001108,1
2835,0,,1,0,1,1,0,1,0,0.0,0.0,0.0,0.000443,0.0,,0,183,11,63,0.0,0.001372,0
2496,0,,1,0,1,1,0,1,0,0.0,0.0,0.0,0.000116,0.0,,0,172,2,93,0.0,0.001465,1
3216,0,,1,0,1,1,0,1,0,0.0,0.0,0.0,0.000495,0.0,,0,134,13,27,0.0,0.00206,1
2665,0,,1,0,1,1,0,1,0,0.0,0.0,0.0,7.3e-05,0.0,,0,264,8,45,0.0,0.001025,0
2859,0,,1,0,1,1,0,1,0,0.0,0.0,0.0,0.000316,0.0,,0,80,2,91,0.0,0.001442,1
2614,0,,1,0,1,1,0,1,0,0.0,0.0,0.0,0.000125,0.0,,0,363,2,91,0.0,0.001365,0
3219,0,,1,0,1,1,0,1,0,0.0,0.0,0.0,9.4e-05,0.0,,0,171,7,85,0.0,0.000244,1
2843,0,,1,0,1,1,0,1,0,0.0,0.0,0.0,0.000425,0.0,,0,194,11,53,0.0,0.002249,0
2571,0,,1,0,1,1,0,1,0,0.0,0.0,0.0,7.3e-05,0.0,,0,0,2,17,0.0,0.000488,0
3276,0,,1,0,1,1,0,1,0,0.0,0.0,0.0,0.000117,0.0,,0,87,3,16,0.0,0.000708,0
3376,0,,1,0,1,1,0,1,0,0.0,0.0,0.0,0.000672,0.0,,0,242,3,16,0.0,0.000802,1
3240,0,,1,0,1,1,0,1,0,0.0,0.0,0.0,0.000672,0.0,,0,240,3,16,0.0,0.000802,0
3184,0,,1,0,1,1,0,1,0,0.0,0.0,0.0,0.0,0.0,,0,229,1,48,0.0,0.000176,0
3255,0,,1,0,1,1,0,1,0,0.0,0.0,0.0,2e-05,0.0,,0,159,13,72,0.0,6.9e-05,0
2444,0,,1,0,1,1,0,1,0,0.0,0.0,0.0,4.5e-05,0.0,,0,56,14,45,0.0,0.0003,0
2608,0,,1,0,1,1,0,1,0,0.0,0.0,0.0,5.8e-05,0.0,,0,78,2,20,0.0,0.000721,0
2563,0,,1,0,1,1,0,1,0,0.0,0.0,0.0,4.2e-05,0.0,,0,52,2,17,0.0,0.00029,0
2635,0,,1,0,1,1,0,1,0,0.0,0.0,0.0,1.9e-05,0.0,,0,16,3,9,0.0,0.000218,0
2597,0,,1,0,1,1,0,1,0,0.0,0.0,0.0,0.000144,0.0,,0,361,8,68,0.0,0.000815,0
2487,0,,1,2,3,1,0,1,7,0.225072,0.231572,0.0,5.8e-05,0.000333,,0,506,2,96,0.0,0.000379,0
2964,0,,1,0,1,1,0,1,0,0.0,0.0,0.0,0.000109,0.0,,0,341,8,38,0.0,0.000601,0
3195,0,,1,0,1,1,0,1,0,0.0,0.0,0.0,7.3e-05,0.0,,0,273,14,74,0.0,0.000406,0
3272,0,,1,0,1,1,0,1,0,0.0,0.0,0.0,7.3e-05,0.0,,0,272,14,74,0.0,0.000406,0
3397,0,,1,0,1,1,0,1,0,0.0,0.0,0.0,1.3e-05,0.0,,0,149,3,16,0.0,0.000146,0
3401,0,,1,0,1,1,0,1,0,0.0,0.0,0.0,8.3e-05,0.0,,0,89,3,16,0.0,0.000452,0
3390,0,,1,0,1,1,0,1,0,0.0,0.0,0.0,8.3e-05,0.0,,0,88,3,16,0.0,0.000452,0
2751,0,,1,0,1,1,0,1,0,0.0,0.0,0.0,6.6e-05,0.0,,0,23,11,19,0.0,5.4e-05,0
2697,0,,1,0,1,1,0,1,0,0.0,0.0,0.0,5.6e-05,0.0,,0,372,2,79,0.0,7.7e-05,0
2660,0,,1,0,1,1,0,1,0,0.0,0.0,0.0,8.4e-05,0.0,,0,267,6,1,0.0,0.000549,1
3363,0,,1,0,1,1,0,1,0,0.0,0.0,0.0,0.000139,0.0,,0,431,97,70,0.0,0.000545,1
3449,0,,1,0,1,1,0,1,0,0.0,0.0,0.0,0.00145,0.0,,0,259,3,16,0.0,0.004297,1
3377,0,,1,0,1,1,0,1,0,0.0,0.0,0.0,0.00145,0.0,,0,258,3,16,0.0,0.004297,0
3436,0,,1,0,1,1,0,1,0,0.0,0.0,0.0,0.00145,0.0,,0,257,3,16,0.0,0.004297,1
3435,0,,1,0,1,1,0,1,0,0.0,0.0,0.0,0.00145,0.0,,0,256,3,16,0.0,0.004297,1
3432,0,,1,0,1,1,0,1,0,0.0,0.0,0.0,0.00145,0.0,,0,255,3,16,0.0,0.004297,0
3183,0,,1,0,1,1,0,1,0,0.0,0.0,0.0,1e-05,0.0,,0,274,12,74,0.0,8e-05,0
2788,0,,1,0,1,1,0,1,0,0.0,0.0,0.0,1.6e-05,0.0,,0,39,1,63,0.0,0.000117,0
2794,0,,1,0,1,1,0,1,0,0.0,0.0,0.0,8.4e-05,0.0,,0,477,1,1,0.0,0.000539,0
2975,0,,1,0,1,1,0,1,0,0.0,0.0,0.0,4e-06,0.0,,0,339,1,5,0.0,5.4e-05,0
3095,0,,1,0,1,1,0,1,0,0.0,0.0,0.0,6.3e-05,0.0,,0,381,13,93,0.0,0.00101,0
3136,0,,1,0,1,1,0,1,0,0.0,0.0,0.0,0.001166,0.0,,0,422,13,40,0.0,0.006452,0
3217,0,,1,0,1,1,0,1,0,0.0,0.0,0.0,0.0,0.0,,0,275,12,74,0.0,6.5e-05,0
3227,0,,1,0,1,1,0,1,0,0.0,0.0,0.0,0.00023,0.0,,0,129,15,28,0.0,0.001259,0
3228,0,,1,0,1,1,0,1,0,0.0,0.0,0.0,0.0,0.0,,3,535,115,104,0.0,2.4e-05,0
3296,0,,1,0,1,1,0,1,0,0.0,0.0,0.0,0.0,0.0,,0,96,13,34,0.0,2.8e-05,0
2192,0,,1,2,3,2,-1,1,7,0.280045,0.293566,0.0,0.003716,0.004301,,0,506,15,57,1.0,0.019042,0
2369,0,,9,8,17,2,-1,1,6,0.304461,0.318846,3e-05,0.014402,0.010168,,0,506,13,10,0.319444,0.063429,1
1243,0,,3,4,7,5,-4,1,6,0.279836,0.290539,2.9e-05,0.002075,0.002148,,0,506,8,96,0.0,0.011492,0
1187,0,,6,6,12,6,-5,1,6,0.286074,0.299577,0.000645,0.004602,0.005658,,0,506,13,12,0.142857,0.02486,1
4017,0,,2,1,3,0,2,2,7,0.22968,0.236313,3e-06,0.003777,0.000183,,0,506,15,44,0.0,0.016353,0
7161,0,,2,1,3,0,2,2,7,0.284359,0.297245,0.0,0.00341,0.002337,,0,506,3,16,1.0,0.014777,1
5415,0,,0,1,1,0,2,2,1,1.0,1.0,0.0,0.0,0.002009,,0,521,14,101,0.0,0.0,0
5660,0,,0,1,1,0,2,2,7,0.229713,0.236383,0.0,0.0,0.000183,,0,526,15,80,0.0,0.0,0
3422,0,,1,1,2,1,1,2,6,0.293514,0.312147,0.0,0.003555,0.003539,,0,506,1,1,0.0,0.02022,0
3414,0,,1,1,2,1,1,2,6,0.293514,0.312147,0.0,0.003555,0.003539,,0,506,1,1,0.0,0.02022,0
3375,0,,1,1,2,1,1,2,6,0.293514,0.312147,0.0,0.003555,0.003539,,0,506,1,1,0.0,0.02022,0
3332,0,,1,1,2,1,1,2,6,0.293514,0.312147,0.0,0.003555,0.003539,,0,506,1,1,0.0,0.02022,0
3330,0,,1,1,2,1,1,2,6,0.293514,0.312147,0.0,0.003555,0.003539,,0,506,1,1,0.0,0.02022,0
3316,0,,1,1,2,1,1,2,6,0.293514,0.312147,0.0,0.003555,0.003539,,0,506,1,1,0.0,0.02022,0
3298,0,,1,1,2,1,1,2,6,0.293514,0.312147,0.0,0.003555,0.003539,,0,506,1,1,0.0,0.02022,-1
3292,0,,1,1,2,1,1,2,6,0.293514,0.312147,0.0,0.003555,0.003539,,0,506,1,1,0.0,0.02022,0
3290,0,,1,1,2,1,1,2,6,0.293514,0.312147,0.0,0.003555,0.003539,,0,506,1,1,0.0,0.02022,1
3233,0,,1,1,2,1,1,2,6,0.293514,0.312147,0.0,0.003555,0.003539,,0,506,1,1,0.0,0.02022,1
3211,0,,1,1,2,1,1,2,6,0.293514,0.312147,0.0,0.003555,0.003539,,0,506,1,1,0.0,0.02022,1
3210,0,,1,1,2,1,1,2,6,0.293514,0.312147,0.0,0.003555,0.003539,,0,506,1,1,0.0,0.02022,0
3189,0,,1,1,2,1,1,2,6,0.293514,0.312147,0.0,0.003555,0.003539,,0,506,1,1,0.0,0.02022,1
3193,0,,1,1,2,1,1,2,6,0.293514,0.312147,0.0,0.003555,0.003539,,0,506,1,1,0.0,0.02022,1
3173,0,,1,1,2,1,1,2,6,0.293514,0.312147,0.0,0.003555,0.003539,,0,506,1,1,0.0,0.02022,0
3139,0,,1,1,2,1,1,2,6,0.293514,0.312147,0.0,0.003555,0.003539,,0,506,1,1,0.0,0.02022,0
3167,0,,1,1,2,1,1,2,6,0.293514,0.312147,0.0,0.003555,0.003539,,0,506,1,1,0.0,0.02022,0
3149,0,,1,1,2,1,1,2,6,0.293514,0.312147,0.0,0.003555,0.003539,,0,506,1,1,0.0,0.02022,0
3141,0,,1,1,2,1,1,2,6,0.293514,0.312147,0.0,0.003555,0.003539,,0,506,1,1,0.0,0.02022,0
3143,0,,1,1,2,1,1,2,6,0.293514,0.312147,0.0,0.003555,0.003539,,0,506,1,1,0.0,0.02022,0
3142,0,,1,1,2,1,1,2,6,0.293514,0.312147,0.0,0.003555,0.003539,,0,506,1,1,0.0,0.02022,0
3118,0,,1,1,2,1,1,2,6,0.293514,0.312147,0.0,0.003555,0.003539,,0,506,1,1,0.0,0.02022,0
3111,0,,1,1,2,1,1,2,6,0.293514,0.312147,0.0,0.003555,0.003539,,0,506,1,1,0.0,0.02022,0
3068,0,,1,1,2,1,1,2,6,0.293514,0.312147,0.0,0.003555,0.003539,,0,506,1,1,0.0,0.02022,0
3042,0,,1,1,2,1,1,2,6,0.293514,0.312147,0.0,0.003555,0.003539,,0,506,1,1,0.0,0.02022,0
3064,0,,1,1,2,1,1,2,6,0.293514,0.312147,0.0,0.003555,0.003539,,0,506,1,1,0.0,0.02022,0
3057,0,,1,1,2,1,1,2,6,0.293514,0.312147,0.0,0.003555,0.003539,,0,506,1,1,0.0,0.02022,1
3027,0,,1,1,2,1,1,2,6,0.293514,0.312147,0.0,0.003555,0.003539,,0,506,1,1,0.0,0.02022,0
3023,0,,1,1,2,1,1,2,6,0.293514,0.312147,0.0,0.003555,0.003539,,0,506,1,1,0.0,0.02022,1
3020,0,,1,1,2,1,1,2,6,0.293514,0.312147,0.0,0.003555,0.003539,,0,506,1,1,0.0,0.02022,1
2996,0,,1,1,2,1,1,2,6,0.293514,0.312147,0.0,0.003555,0.003539,,0,506,1,1,0.0,0.02022,0
2962,0,,1,1,2,1,1,2,6,0.293514,0.312147,0.0,0.003555,0.003539,,0,506,1,1,0.0,0.02022,0
2952,0,,1,1,2,1,1,2,6,0.293514,0.312147,0.0,0.003555,0.003539,,0,506,1,1,0.0,0.02022,1
2927,0,,1,1,2,1,1,2,6,0.293514,0.312147,0.0,0.003555,0.003539,,0,506,1,1,0.0,0.02022,0
2907,0,,1,1,2,1,1,2,6,0.293514,0.312147,0.0,0.003555,0.003539,,0,506,1,1,0.0,0.02022,0
2909,0,,1,1,2,1,1,2,6,0.293514,0.312147,0.0,0.003555,0.003539,,0,506,1,1,0.0,0.02022,-1
2870,0,,1,1,2,1,1,2,6,0.293514,0.312147,0.0,0.003555,0.003539,,0,506,1,1,0.0,0.02022,0
2848,0,,1,1,2,1,1,2,6,0.293514,0.312147,0.0,0.003555,0.003539,,0,506,1,1,0.0,0.02022,1
2846,0,,1,1,2,1,1,2,6,0.293514,0.312147,0.0,0.003555,0.003539,,0,506,1,1,0.0,0.02022,0
2826,0,,1,1,2,1,1,2,6,0.293514,0.312147,0.0,0.003555,0.003539,,0,506,1,1,0.0,0.02022,0
2823,0,,1,1,2,1,1,2,6,0.293514,0.312147,0.0,0.003555,0.003539,,0,506,1,1,0.0,0.02022,1
2820,0,,1,1,2,1,1,2,6,0.293514,0.312147,0.0,0.003555,0.003539,,0,506,1,1,0.0,0.02022,0
2814,0,,1,1,2,1,1,2,6,0.293514,0.312147,0.0,0.003555,0.003539,,0,506,1,1,0.0,0.02022,0
2806,0,,1,1,2,1,1,2,6,0.293514,0.312147,0.0,0.003555,0.003539,,0,506,1,1,0.0,0.02022,0
2801,0,,1,1,2,1,1,2,6,0.293514,0.312147,0.0,0.003555,0.003539,,0,506,1,1,0.0,0.02022,1
2795,0,,1,1,2,1,1,2,6,0.293514,0.312147,0.0,0.003555,0.003539,,0,506,1,1,0.0,0.02022,0
2498,0,,1,1,2,1,1,2,6,0.293514,0.312147,0.0,0.003555,0.003539,,0,506,1,1,0.0,0.02022,0
2784,0,,1,1,2,1,1,2,6,0.293514,0.312147,0.0,0.003555,0.003539,,0,506,1,1,0.0,0.02022,0
2780,0,,1,1,2,1,1,2,6,0.293514,0.312147,0.0,0.003555,0.003539,,0,506,1,1,0.0,0.02022,0
2779,0,,1,1,2,1,1,2,6,0.293514,0.312147,0.0,0.003555,0.003539,,0,506,1,1,0.0,0.02022,0
2756,0,,1,1,2,1,1,2,6,0.293514,0.312147,0.0,0.003555,0.003539,,0,506,1,1,0.0,0.02022,1
2746,0,,1,1,2,1,1,2,6,0.293514,0.312147,0.0,0.003555,0.003539,,0,506,1,1,0.0,0.02022,0
2742,0,,1,1,2,1,1,2,6,0.293514,0.312147,0.0,0.003555,0.003539,,0,506,1,1,0.0,0.02022,0
2731,0,,1,1,2,1,1,2,6,0.293514,0.312147,0.0,0.003555,0.003539,,0,506,1,1,0.0,0.02022,0
2725,0,,1,1,2,1,1,2,6,0.293514,0.312147,0.0,0.003555,0.003539,,0,506,1,1,0.0,0.02022,0
2687,0,,1,1,2,1,1,2,6,0.293514,0.312147,0.0,0.003555,0.003539,,0,506,1,1,0.0,0.02022,0
2559,0,,1,1,2,1,1,2,6,0.293514,0.312147,0.0,0.003555,0.003539,,0,506,1,1,0.0,0.02022,0
2448,0,,1,1,2,1,1,2,6,0.293514,0.312147,0.0,0.003555,0.003539,,0,506,1,1,0.0,0.02022,0
3253,0,,1,1,2,1,1,2,6,0.280359,0.291184,2e-06,0.003555,0.00298,,0,506,14,1,0.0,0.02022,0
2698,0,,1,1,2,1,1,2,6,0.301133,0.312125,0.0,0.003788,0.0041,,0,506,8,13,0.0,0.021127,0
2499,0,,1,1,2,1,1,2,6,0.301133,0.312125,0.0,0.003788,0.0041,,0,506,8,13,0.0,0.021127,0
2497,0,,1,1,2,1,1,2,6,0.301133,0.312125,0.0,0.003788,0.0041,,0,506,8,13,0.0,0.021127,1
2488,0,,1,1,2,1,1,2,6,0.301133,0.312125,0.0,0.003788,0.0041,,0,506,8,13,0.0,0.021127,0
2459,0,,1,1,2,1,1,2,6,0.301133,0.312125,0.0,0.003788,0.0041,,0,506,8,13,0.0,0.021127,0
2446,0,,1,1,2,1,1,2,6,0.301133,0.312125,0.0,0.003788,0.0041,,0,506,8,13,0.0,0.021127,1
3328,0,,1,1,2,1,1,2,7,0.278525,0.292764,0.0,0.003818,0.004185,,0,506,13,38,0.0,0.021747,0
3275,0,,1,1,2,1,1,2,7,0.278525,0.292764,0.0,0.003818,0.004185,,0,506,13,38,0.0,0.021747,0
3203,0,,1,1,2,1,1,2,7,0.278525,0.292764,0.0,0.003818,0.004185,,0,506,13,38,0.0,0.021747,0
3181,0,,1,1,2,1,1,2,7,0.278525,0.292764,0.0,0.003818,0.004185,,0,506,13,38,0.0,0.021747,1
3132,0,,1,1,2,1,1,2,7,0.278525,0.292764,0.0,0.003818,0.004185,,0,506,13,38,0.0,0.021747,1
3127,0,,1,1,2,1,1,2,7,0.278525,0.292764,0.0,0.003818,0.004185,,0,506,13,38,0.0,0.021747,0
3087,0,,1,1,2,1,1,2,7,0.278525,0.292764,0.0,0.003818,0.004185,,0,506,13,38,0.0,0.021747,0
2511,0,,1,1,2,1,1,2,6,0.285834,0.298661,0.0,0.002602,0.002461,,0,506,2,18,0.0,0.014116,0
2485,0,,1,1,2,1,1,2,6,0.285834,0.298661,0.0,0.002602,0.002461,,0,506,2,18,0.0,0.014116,0
2467,0,,1,1,2,1,1,2,6,0.285834,0.298661,0.0,0.002602,0.002461,,0,506,2,18,0.0,0.014116,0
2468,0,,1,1,2,1,1,2,6,0.285834,0.298661,0.0,0.002602,0.002461,,0,506,2,18,0.0,0.014116,-1
2465,0,,1,1,2,1,1,2,6,0.285834,0.298661,0.0,0.002602,0.002461,,0,506,2,18,0.0,0.014116,1
2454,0,,1,1,2,1,1,2,6,0.285834,0.298661,0.0,0.002602,0.002461,,0,506,2,18,0.0,0.014116,1
2442,0,,1,1,2,1,1,2,6,0.285834,0.298661,0.0,0.002602,0.002461,,0,506,2,18,0.0,0.014116,0
2439,0,,1,1,2,1,1,2,6,0.285834,0.298661,0.0,0.002602,0.002461,,0,506,2,18,0.0,0.014116,0
3336,0,,1,1,2,1,1,2,7,0.276185,0.288789,0.0,0.002995,0.003037,,0,506,13,67,0.0,0.015551,0
3309,0,,1,1,2,1,1,2,7,0.276185,0.288789,0.0,0.002995,0.003037,,0,506,13,67,0.0,0.015551,0
3009,0,,1,1,2,1,1,2,7,0.276185,0.288789,0.0,0.002995,0.003037,,0,506,13,67,0.0,0.015551,0
3236,0,,1,1,2,1,1,2,7,0.276185,0.288789,0.0,0.002995,0.003037,,0,506,13,67,0.0,0.015551,0
3231,0,,1,1,2,1,1,2,7,0.276185,0.288789,0.0,0.002995,0.003037,,0,506,13,67,0.0,0.015551,0
3176,0,,1,1,2,1,1,2,6,0.273964,0.285775,0.0,0.002881,0.002899,,0,506,13,77,0.0,0.015207,1
3155,0,,1,1,2,1,1,2,6,0.273964,0.285775,0.0,0.002881,0.002899,,0,506,13,77,0.0,0.015207,0
3066,0,,1,1,2,1,1,2,6,0.273964,0.285775,0.0,0.002881,0.002899,,0,506,13,77,0.0,0.015207,0
3092,0,,1,1,2,1,1,2,6,0.273964,0.285775,0.0,0.002881,0.002899,,0,506,13,77,0.0,0.015207,0
3229,0,,1,1,2,1,1,2,8,0.214224,0.219979,0.0,0.002881,0.000282,,0,506,13,77,0.5,0.015207,0
3378,0,,1,1,2,1,1,2,7,0.279148,0.292463,0.0,0.003716,0.003646,,0,506,15,37,0.0,0.019042,0
3011,0,,1,1,2,1,1,2,7,0.279148,0.292463,0.0,0.003716,0.003646,,0,506,15,37,0.0,0.019042,1
2987,0,,1,1,2,1,1,2,7,0.279148,0.292463,0.0,0.003716,0.003646,,0,506,15,37,0.0,0.019042,0
2923,0,,1,1,2,1,1,2,7,0.279148,0.292463,0.0,0.003716,0.003646,,0,506,15,37,0.0,0.019042,0
2869,0,,1,1,2,1,1,2,7,0.279148,0.292463,0.0,0.003716,0.003646,,0,506,15,37,0.0,0.019042,0
2889,0,,1,1,2,1,1,2,7,0.279148,0.292463,0.0,0.003716,0.003646,,0,506,15,37,0.0,0.019042,1
2955,0,,1,1,2,1,1,2,6,0.281032,0.295201,0.0,0.003621,0.002936,,0,506,13,44,0.0,0.01547,0
3369,0,,5,1,6,1,1,2,1,1.0,1.0,7e-06,0.007278,0.000102,,0,64,14,16,0.166667,0.030465,0
2992,0,,1,1,2,1,1,2,7,0.280674,0.29215,0.0,0.002696,0.002997,,0,506,11,23,0.0,0.015861,0
2781,0,,1,1,2,1,1,2,7,0.280674,0.29215,0.0,0.002696,0.002997,,0,506,11,23,0.0,0.015861,0
2770,0,,1,1,2,1,1,2,7,0.280674,0.29215,0.0,0.002696,0.002997,,0,506,11,23,0.0,0.015861,0
2760,0,,1,1,2,1,1,2,7,0.280674,0.29215,0.0,0.002696,0.002997,,0,506,11,23,0.0,0.015861,0
3122,0,,1,1,2,1,1,2,7,0.293284,0.304802,0.0,0.003341,0.003243,,0,506,14,51,0.0,0.017061,0
3014,0,,1,1,2,1,1,2,7,0.293284,0.304802,0.0,0.003341,0.003243,,0,506,14,51,0.0,0.017061,0
2986,0,,1,1,2,1,1,2,7,0.293284,0.304802,0.0,0.003341,0.003243,,0,506,14,51,0.0,0.017061,1
2957,0,,1,1,2,1,1,2,7,0.293284,0.304802,0.0,0.003341,0.003243,,0,506,14,51,0.0,0.017061,0
2778,0,,1,1,2,1,1,2,7,0.293284,0.304802,0.0,0.003341,0.003243,,0,506,14,51,0.0,0.017061,0
2582,0,,1,1,2,1,1,2,7,0.293284,0.304802,0.0,0.003341,0.003243,,0,506,14,51,0.0,0.017061,1
2558,0,,1,1,2,1,1,2,7,0.293284,0.304802,0.0,0.003341,0.003243,,0,506,14,51,0.0,0.017061,0
2519,0,,1,1,2,1,1,2,7,0.293284,0.304802,0.0,0.003341,0.003243,,0,506,14,51,0.0,0.017061,1
3345,0,,1,1,2,1,1,2,7,0.300674,0.312288,0.0,0.004735,0.004663,,0,506,14,62,0.0,0.024045,0
2915,0,,1,1,2,1,1,2,7,0.300674,0.312288,0.0,0.004735,0.004663,,0,506,14,62,0.0,0.024045,0
2865,0,,1,1,2,1,1,2,7,0.300674,0.312288,0.0,0.004735,0.004663,,0,506,14,62,0.0,0.024045,1
3354,0,,1,1,2,1,1,2,7,0.265764,0.276815,0.0,0.002365,0.002292,,0,506,15,15,0.0,0.012284,1
3366,0,,1,1,2,1,1,2,7,0.265764,0.276815,0.0,0.002365,0.002292,,0,506,15,15,0.0,0.012284,1
3297,0,,1,1,2,1,1,2,7,0.265764,0.276815,0.0,0.002365,0.002292,,0,506,15,15,0.0,0.012284,1
3293,0,,1,1,2,1,1,2,7,0.265764,0.276815,0.0,0.002365,0.002292,,0,506,15,15,0.0,0.012284,0
3281,0,,1,1,2,1,1,2,7,0.265764,0.276815,0.0,0.002365,0.002292,,0,506,15,15,0.0,0.012284,0
3234,0,,1,1,2,1,1,2,7,0.265764,0.276815,0.0,0.002365,0.002292,,0,506,15,15,0.0,0.012284,1
3232,0,,1,1,2,1,1,2,7,0.265764,0.276815,0.0,0.002365,0.002292,,0,506,15,15,0.0,0.012284,0
3241,0,,1,1,2,1,1,2,7,0.263558,0.275277,0.0,0.001218,0.001789,,0,506,12,74,0.0,0.009067,-1
3144,0,,1,1,2,1,1,2,7,0.263558,0.275277,0.0,0.001218,0.001789,,0,506,12,74,0.0,0.009067,1
3089,0,,1,1,2,1,1,2,7,0.263558,0.275277,0.0,0.001218,0.001789,,0,506,12,74,0.0,0.009067,0
3045,0,,1,1,2,1,1,2,7,0.263558,0.275277,0.0,0.001218,0.001789,,0,506,12,74,0.0,0.009067,0
3076,0,,1,1,2,1,1,2,7,0.263558,0.275277,0.0,0.001218,0.001789,,0,506,12,74,0.0,0.009067,0
3073,0,,1,1,2,1,1,2,7,0.263558,0.275277,0.0,0.001218,0.001789,,0,506,12,74,0.0,0.009067,0
3072,0,,1,1,2,1,1,2,7,0.263558,0.275277,0.0,0.001218,0.001789,,0,506,12,74,0.0,0.009067,0
3061,0,,1,1,2,1,1,2,7,0.263558,0.275277,0.0,0.001218,0.001789,,0,506,12,74,0.0,0.009067,1
3047,0,,1,1,2,1,1,2,7,0.263558,0.275277,0.0,0.001218,0.001789,,0,506,12,74,0.0,0.009067,0
3056,0,,1,1,2,1,1,2,7,0.263558,0.275277,0.0,0.001218,0.001789,,0,506,12,74,0.0,0.009067,0
3054,0,,1,1,2,1,1,2,7,0.263558,0.275277,0.0,0.001218,0.001789,,0,506,12,74,0.0,0.009067,1
3051,0,,1,1,2,1,1,2,7,0.263558,0.275277,0.0,0.001218,0.001789,,0,506,12,74,0.0,0.009067,0
3050,0,,1,1,2,1,1,2,7,0.263558,0.275277,0.0,0.001218,0.001789,,0,506,12,74,0.0,0.009067,0
3046,0,,1,1,2,1,1,2,7,0.263558,0.275277,0.0,0.001218,0.001789,,0,506,12,74,0.0,0.009067,1
3039,0,,1,1,2,1,1,2,7,0.263558,0.275277,0.0,0.001218,0.001789,,0,506,12,74,0.0,0.009067,0
3037,0,,1,1,2,1,1,2,7,0.263558,0.275277,0.0,0.001218,0.001789,,0,506,12,74,0.0,0.009067,0
3036,0,,1,1,2,1,1,2,7,0.263558,0.275277,0.0,0.001218,0.001789,,0,506,12,74,0.0,0.009067,0
3038,0,,1,1,2,1,1,2,7,0.263558,0.275277,0.0,0.001218,0.001789,,0,506,12,74,0.0,0.009067,0
2825,0,,1,1,2,1,1,2,7,0.265877,0.275817,0.0,0.001644,0.001922,,0,506,11,100,0.0,0.010515,0
2818,0,,1,1,2,1,1,2,7,0.265877,0.275817,0.0,0.001644,0.001922,,0,506,11,100,0.0,0.010515,0
2804,0,,1,1,2,1,1,2,7,0.265877,0.275817,0.0,0.001644,0.001922,,0,506,11,100,0.0,0.010515,0
2796,0,,1,1,2,1,1,2,7,0.265877,0.275817,0.0,0.001644,0.001922,,0,506,11,100,0.0,0.010515,0
2828,0,,3,1,4,1,1,2,7,0.270854,0.280825,1e-06,0.004859,0.001789,,0,506,11,16,0.5,0.021949,0
3194,0,,1,1,2,1,1,2,7,0.26728,0.278016,0.0,0.001478,0.001507,,0,506,2,68,0.0,0.008641,0
2954,0,,1,1,2,1,1,2,7,0.26728,0.278016,0.0,0.001478,0.001507,,0,506,2,68,0.0,0.008641,0
2950,0,,1,1,2,1,1,2,7,0.26728,0.278016,0.0,0.001478,0.001507,,0,506,2,68,0.0,0.008641,0
2944,0,,1,1,2,1,1,2,7,0.26728,0.278016,0.0,0.001478,0.001507,,0,506,2,68,0.0,0.008641,0
2930,0,,1,1,2,1,1,2,7,0.26728,0.278016,0.0,0.001478,0.001507,,0,506,2,68,0.0,0.008641,0
2565,0,,1,1,2,1,1,2,7,0.26728,0.278016,0.0,0.001478,0.001507,,0,506,2,68,0.0,0.008641,0
2556,0,,1,1,2,1,1,2,7,0.26728,0.278016,0.0,0.001478,0.001507,,0,506,2,68,0.0,0.008641,1
2738,0,,1,1,2,1,1,2,7,0.280864,0.291476,0.0,0.002471,0.002364,,0,506,11,92,0.0,0.012639,0
2693,0,,1,1,2,1,1,2,7,0.263725,0.273972,0.0,0.000805,0.000783,,0,506,1,4,0.0,0.004719,0
3053,0,,1,1,2,1,1,2,7,0.263725,0.273972,0.0,0.000805,0.000783,,0,506,1,4,0.0,0.004719,0
2961,0,,1,1,2,1,1,2,7,0.263725,0.273972,0.0,0.000805,0.000783,,0,506,1,4,0.0,0.004719,0
2690,0,,1,1,2,1,1,2,7,0.263725,0.273972,0.0,0.000805,0.000783,,0,506,1,4,0.0,0.004719,0
2758,0,,1,1,2,1,1,2,7,0.263725,0.273972,0.0,0.000805,0.000783,,0,506,1,4,0.0,0.004719,0
2710,0,,1,1,2,1,1,2,7,0.263725,0.273972,0.0,0.000805,0.000783,,0,506,1,4,0.0,0.004719,0
3185,0,,1,1,2,1,1,2,7,0.275272,0.286138,0.0,0.002806,0.002728,,0,506,13,59,0.0,0.013662,0
2759,0,,1,1,2,1,1,2,7,0.277535,0.288283,0.0,0.002318,0.002368,,0,506,14,47,0.0,0.012454,0
2520,0,,1,1,2,1,1,2,7,0.277535,0.288283,0.0,0.002318,0.002368,,0,506,14,47,0.0,0.012454,0
2486,0,,1,1,2,1,1,2,7,0.277535,0.288283,0.0,0.002318,0.002368,,0,506,14,47,0.0,0.012454,1
2817,0,,1,1,2,1,1,2,6,0.290218,0.301428,0.0,0.003402,0.002485,,0,506,8,36,0.0,0.013319,1
2773,0,,1,1,2,1,1,2,6,0.290218,0.301428,0.0,0.003402,0.002485,,0,506,8,36,0.0,0.013319,0
2638,0,,1,1,2,1,1,2,6,0.290218,0.301428,0.0,0.003402,0.002485,,0,506,8,36,0.0,0.013319,1
2447,0,,1,1,2,1,1,2,7,0.250468,0.258916,0.0,0.000458,0.00054,,0,506,2,20,0.0,0.003168,1
2438,0,,1,1,2,1,1,2,7,0.250468,0.258916,0.0,0.000458,0.00054,,0,506,2,20,0.0,0.003168,0
3147,0,,1,1,2,1,1,2,6,0.280317,0.291117,0.0,0.003073,0.00298,,0,506,14,76,0.0,0.015356,0
3082,0,,1,1,2,1,1,2,7,0.274224,0.285208,0.0,0.002614,0.002413,,0,506,7,76,0.0,0.013068,0
2980,0,,1,1,2,1,1,2,7,0.274224,0.285208,0.0,0.002614,0.002413,,0,506,7,76,0.0,0.013068,0
3304,0,,1,1,2,1,1,2,7,0.279335,0.290906,0.0,0.003267,0.003463,,0,506,13,14,0.0,0.017411,0
2650,0,,1,1,2,1,1,2,7,0.279335,0.290906,0.0,0.003267,0.003463,,0,506,13,14,0.0,0.017411,1
3074,0,,1,1,2,1,1,2,7,0.260988,0.27135,0.0,0.001166,0.0019,,0,506,13,40,0.5,0.006452,-1
2620,0,,1,1,2,1,1,2,8,0.236643,0.244573,0.0,0.000113,0.00026,,0,506,6,52,0.5,0.000269,0
2604,0,,1,1,2,1,1,2,8,0.236613,0.244506,0.0,0.000215,0.00026,,0,506,6,52,0.0,0.00183,1
2585,0,,1,1,2,1,1,2,8,0.236613,0.244506,0.0,0.000215,0.00026,,0,506,6,52,0.0,0.00183,1
3264,0,,1,1,2,1,1,2,7,0.275151,0.285634,0.0,0.001933,0.002748,,0,506,13,73,0.0,0.013619,1
3191,0,,1,1,2,1,1,2,7,0.281666,0.29304,0.0,0.002968,0.002019,,0,506,13,55,0.0,0.010484,1
3164,0,,1,1,2,1,1,2,7,0.281666,0.29304,0.0,0.002968,0.002019,,0,506,13,55,0.0,0.010484,0
3100,0,,1,1,2,1,1,2,7,0.281666,0.29304,0.0,0.002968,0.002019,,0,506,13,55,0.0,0.010484,1
3080,0,,1,1,2,1,1,2,7,0.281666,0.29304,0.0,0.002968,0.002019,,0,506,13,55,0.0,0.010484,1
2970,0,,1,1,2,1,1,2,7,0.281666,0.29304,0.0,0.002968,0.002019,,0,506,13,55,0.0,0.010484,0
2977,0,,1,1,2,1,1,2,6,0.270835,0.279944,0.0,0.001819,0.002525,,0,506,15,46,0.0,0.012646,0
3312,0,,1,1,2,1,1,2,7,0.268141,0.278425,0.0,0.002238,0.002394,,0,506,13,60,0.0,0.012015,0
2968,0,,1,1,2,1,1,2,7,0.282579,0.29402,0.0,0.002788,0.002482,,0,506,13,82,0.0,0.012786,0
2809,0,,1,1,2,1,1,2,7,0.282579,0.29402,0.0,0.002788,0.002482,,0,506,13,82,0.0,0.012786,0
2596,0,,1,1,2,1,1,2,7,0.282579,0.29402,0.0,0.002788,0.002482,,0,506,13,82,0.0,0.012786,0
3362,0,,3,1,4,1,1,2,7,0.259865,0.269546,1e-06,0.004735,0.001838,,0,506,13,16,0.333333,0.021618,0
3187,0,,1,1,2,1,1,2,7,0.264022,0.27474,0.0,0.002112,0.002179,,0,506,13,27,0.0,0.011023,0
3108,0,,1,1,2,1,1,2,7,0.269646,0.279978,0.0,0.001199,0.000958,,0,506,1,5,0.0,0.005341,0
2967,0,,1,1,2,1,1,2,7,0.269646,0.279978,0.0,0.001199,0.000958,,0,506,1,5,0.0,0.005341,1
2841,0,,1,1,2,1,1,2,7,0.269646,0.279978,0.0,0.001199,0.000958,,0,506,1,5,0.0,0.005341,0
2840,0,,1,1,2,1,1,2,7,0.269646,0.279978,0.0,0.001199,0.000958,,0,506,1,5,0.0,0.005341,0
2630,0,,1,1,2,1,1,2,7,0.261936,0.270579,0.0,0.001242,0.001143,,0,506,2,96,0.0,0.006265,1
2891,0,,1,1,2,1,1,2,6,0.277597,0.287577,0.0,0.00186,0.00184,,0,506,8,60,0.0,0.010097,0
3033,0,,1,1,2,1,1,2,6,0.277597,0.287577,0.0,0.00186,0.00184,,0,506,8,60,0.0,0.010097,1
2531,0,,1,1,2,1,1,2,6,0.277597,0.287577,0.0,0.00186,0.00184,,0,506,8,60,0.0,0.010097,0
2936,0,,1,1,2,1,1,2,7,0.271581,0.282362,0.0,0.00241,0.002448,,0,506,13,8,0.0,0.012016,1
2502,0,,1,1,2,1,1,2,7,0.262028,0.271326,0.0,0.001111,0.001,,0,506,2,21,0.0,0.005768,0
2718,0,,1,1,2,1,1,2,8,0.234027,0.243016,0.0,0.00025,0.000259,,0,506,12,74,0.0,0.001664,0
3063,0,,1,1,2,1,1,2,8,0.234027,0.243016,0.0,0.00025,0.000259,,0,506,12,74,0.0,0.001664,0
3032,0,,1,1,2,1,1,2,8,0.234027,0.243016,0.0,0.00025,0.000259,,0,506,12,74,0.0,0.001664,0
2741,0,,1,1,2,1,1,2,7,0.257969,0.266625,0.0,0.00093,0.00087,,0,506,14,103,0.0,0.004874,0
2734,0,,1,1,2,1,1,2,7,0.257969,0.266625,0.0,0.00093,0.00087,,0,506,14,103,0.0,0.004874,0
2677,0,,1,1,2,1,1,2,7,0.257969,0.266625,0.0,0.00093,0.00087,,0,506,14,103,0.0,0.004874,0
3289,0,,1,1,2,1,1,2,7,0.261334,0.271207,0.0,0.001757,0.001551,,0,506,13,46,0.0,0.008115,1
2883,0,,1,1,2,1,1,2,7,0.249767,0.257178,0.0,0.000451,0.000574,,0,506,2,66,0.0,0.003502,0
2880,0,,1,1,2,1,1,2,7,0.249767,0.257178,0.0,0.000451,0.000574,,0,506,2,66,0.0,0.003502,0
2887,0,,1,1,2,1,1,2,7,0.27109,0.281199,0.0,0.002087,0.00209,,0,506,11,84,0.0,0.010925,0
2879,0,,1,1,2,1,1,2,7,0.27109,0.281199,0.0,0.002087,0.00209,,0,506,11,84,0.0,0.010925,1
2798,0,,1,1,2,1,1,2,7,0.27109,0.281199,0.0,0.002087,0.00209,,0,506,11,84,0.0,0.010925,1
2902,0,,1,1,2,1,1,2,7,0.262285,0.272172,0.0,0.00152,0.001363,,0,506,7,98,0.0,0.007304,1
2893,0,,1,1,2,1,1,2,7,0.262285,0.272172,0.0,0.00152,0.001363,,0,506,7,98,0.0,0.007304,0
2886,0,,1,1,2,1,1,2,7,0.262285,0.272172,0.0,0.00152,0.001363,,0,506,7,98,0.0,0.007304,0
2557,0,,1,1,2,1,1,2,7,0.254655,0.262811,0.0,0.000687,0.000589,,0,506,8,94,0.0,0.003563,1
2943,0,,1,1,2,1,1,2,7,0.239348,0.245776,0.0,0.000282,0.000536,,0,506,14,72,0.0,0.002659,0
2872,0,,1,1,2,1,1,2,7,0.239348,0.245776,0.0,0.000282,0.000536,,0,506,14,72,0.0,0.002659,0
2854,0,,1,1,2,1,1,2,7,0.239348,0.245776,0.0,0.000282,0.000536,,0,506,14,72,0.0,0.002659,0
2656,0,,1,1,2,1,1,2,7,0.259164,0.26919,0.0,0.000522,0.000496,,0,506,1,4,0.0,0.003016,1
2576,0,,1,1,2,1,1,2,7,0.259164,0.26919,0.0,0.000522,0.000496,,0,506,1,4,0.0,0.003016,0
2508,0,,1,1,2,1,1,2,7,0.259164,0.26919,0.0,0.000522,0.000496,,0,506,1,4,0.0,0.003016,1
2637,0,,1,1,2,1,1,2,7,0.259164,0.26919,0.0,0.000522,0.000496,,0,506,1,4,0.0,0.003016,0
2595,0,,1,1,2,1,1,2,7,0.259164,0.26919,0.0,0.000522,0.000496,,0,506,1,4,0.0,0.003016,0
3352,0,,1,1,2,1,1,2,6,0.281645,0.293533,0.0,0.003034,0.001359,,0,506,13,8,0.0,0.007084,1
3361,0,,1,1,2,1,1,2,6,0.281645,0.293533,0.0,0.003034,0.001359,,0,506,13,8,0.0,0.007084,0
3348,0,,1,1,2,1,1,2,6,0.281645,0.293533,0.0,0.003034,0.001359,,0,506,13,8,0.0,0.007084,0
3344,0,,1,1,2,1,1,2,6,0.281645,0.293533,0.0,0.003034,0.001359,,0,506,13,8,0.0,0.007084,1
3226,0,,1,1,2,1,1,2,6,0.281645,0.293533,0.0,0.003034,0.001359,,0,506,13,8,0.0,0.007084,0
3218,0,,1,1,2,1,1,2,6,0.281645,0.293533,0.0,0.003034,0.001359,,0,506,13,8,0.0,0.007084,0
3196,0,,1,1,2,1,1,2,7,0.238389,0.246353,0.0,0.000249,0.000245,,0,506,12,74,0.0,0.001403,0
3161,0,,1,1,2,1,1,2,7,0.238389,0.246353,0.0,0.000249,0.000245,,0,506,12,74,0.0,0.001403,0
3150,0,,1,1,2,1,1,2,7,0.238389,0.246353,0.0,0.000249,0.000245,,0,506,12,74,0.0,0.001403,1
3126,0,,1,1,2,1,1,2,7,0.238389,0.246353,0.0,0.000249,0.000245,,0,506,12,74,0.0,0.001403,0
3123,0,,1,1,2,1,1,2,7,0.238389,0.246353,0.0,0.000249,0.000245,,0,506,12,74,0.0,0.001403,0
3130,0,,1,1,2,1,1,2,7,0.238389,0.246353,0.0,0.000249,0.000245,,0,506,12,74,0.0,0.001403,0
3104,0,,1,1,2,1,1,2,7,0.238389,0.246353,0.0,0.000249,0.000245,,0,506,12,74,0.0,0.001403,1
3098,0,,1,1,2,1,1,2,7,0.238389,0.246353,0.0,0.000249,0.000245,,0,506,12,74,0.0,0.001403,0
3085,0,,1,1,2,1,1,2,7,0.238389,0.246353,0.0,0.000249,0.000245,,0,506,12,74,0.0,0.001403,1
3077,0,,1,1,2,1,1,2,7,0.238389,0.246353,0.0,0.000249,0.000245,,0,506,12,74,0.0,0.001403,0
3186,0,,1,1,2,1,1,2,1,1.0,1.0,0.000228,0.000249,0.0,,0,276,12,74,0.0,0.001403,0
2483,0,,1,1,2,1,1,2,7,0.262616,0.271871,0.0,0.001148,0.000931,,0,506,11,65,0.0,0.005245,1
2453,0,,1,1,2,1,1,2,7,0.262616,0.271871,0.0,0.001148,0.000931,,0,506,11,65,0.0,0.005245,0
2816,0,,1,1,2,1,1,2,7,0.240192,0.248033,0.0,0.000456,0.000682,,0,506,1,40,0.0,0.00258,1
3409,0,,1,1,2,1,1,2,8,0.197627,0.20176,7e-06,0.000445,8e-06,,0,506,3,16,0.0,0.003162,0
2682,0,,1,1,2,1,1,2,7,0.266596,0.275748,0.0,0.001326,0.001256,,0,506,11,85,0.0,0.007026,0
2544,0,,1,1,2,1,1,2,7,0.266596,0.275748,0.0,0.001326,0.001256,,0,506,11,85,0.0,0.007026,0
2856,0,,1,1,2,1,1,2,7,0.258753,0.267195,0.0,0.001201,0.001261,,0,506,14,103,0.0,0.006528,1
2594,0,,1,1,2,1,1,2,7,0.258753,0.267195,0.0,0.001201,0.001261,,0,506,14,103,0.0,0.006528,0
2800,0,,1,1,2,1,1,2,7,0.276695,0.286679,0.0,0.001773,0.001786,,0,506,13,32,0.0,0.009321,0
3121,0,,1,1,2,1,1,2,7,0.254103,0.264173,0.0,0.000581,0.00045,,0,506,12,74,0.0,0.002655,1
3099,0,,1,1,2,1,1,2,7,0.254103,0.264173,0.0,0.000581,0.00045,,0,506,12,74,0.0,0.002655,0
3029,0,,1,1,2,1,1,2,7,0.254103,0.264173,0.0,0.000581,0.00045,,0,506,12,74,0.0,0.002655,0
2874,0,,1,1,2,1,1,2,7,0.254707,0.263405,0.0,0.001042,0.001047,,0,506,1,98,0.0,0.005758,1
2863,0,,1,1,2,1,1,2,7,0.254707,0.263405,0.0,0.001042,0.001047,,0,506,1,98,0.0,0.005758,-1
2861,0,,1,1,2,1,1,2,7,0.254707,0.263405,0.0,0.001042,0.001047,,0,506,1,98,0.0,0.005758,0
2850,0,,1,1,2,1,1,2,7,0.254707,0.263405,0.0,0.001042,0.001047,,0,506,1,98,0.0,0.005758,1
2847,0,,1,1,2,1,1,2,7,0.254707,0.263405,0.0,0.001042,0.001047,,0,506,1,98,0.0,0.005758,1
3347,0,,1,1,2,1,1,2,7,0.265669,0.275209,0.0,0.00095,0.000971,,0,506,13,11,0.0,0.005418,1
2762,0,,1,1,2,1,1,2,7,0.265669,0.275209,0.0,0.00095,0.000971,,0,506,13,11,0.0,0.005418,1
3346,0,,1,1,2,1,1,2,7,0.261552,0.270466,0.0,0.001667,0.001632,,0,506,13,81,0.0,0.007927,0
2667,0,,1,1,2,1,1,2,7,0.264245,0.272767,0.0,0.001269,0.001233,,0,506,2,29,0.0,0.006819,0
2739,0,,1,1,2,1,1,2,7,0.252136,0.260065,0.0,0.000931,0.001035,,0,506,14,48,0.0,0.005605,1
2688,0,,1,1,2,1,1,2,7,0.256188,0.264659,0.0,0.00077,0.00059,,0,506,8,58,0.0,0.003495,0
2683,0,,1,1,2,1,1,2,7,0.256188,0.264659,0.0,0.00077,0.00059,,0,506,8,58,0.0,0.003495,0
2654,0,,1,1,2,1,1,2,7,0.256188,0.264659,0.0,0.00077,0.00059,,0,506,8,58,0.0,0.003495,0
2678,0,,1,1,2,1,1,2,7,0.256188,0.264659,0.0,0.00077,0.00059,,0,506,8,58,0.0,0.003495,0
2672,0,,1,1,2,1,1,2,7,0.256188,0.264659,0.0,0.00077,0.00059,,0,506,8,58,0.0,0.003495,1
2670,0,,1,1,2,1,1,2,7,0.256188,0.264659,0.0,0.00077,0.00059,,0,506,8,58,0.0,0.003495,0
2749,0,,1,1,2,1,1,2,7,0.256188,0.264659,0.0,0.00077,0.00059,,0,506,8,58,0.0,0.003495,0
2706,0,,1,1,2,1,1,2,7,0.256188,0.264659,0.0,0.00077,0.00059,,0,506,8,58,0.0,0.003495,1
2708,0,,1,1,2,1,1,2,7,0.256188,0.264659,0.0,0.00077,0.00059,,0,506,8,58,0.0,0.003495,0
2530,0,,1,1,2,1,1,2,7,0.256188,0.264659,0.0,0.00077,0.00059,,0,506,8,58,0.0,0.003495,1
2694,0,,1,1,2,1,1,2,7,0.256188,0.264659,0.0,0.00077,0.00059,,0,506,8,58,0.0,0.003495,0
2991,0,,1,1,2,1,1,2,8,0.236076,0.242948,0.0,0.000287,0.000556,,0,506,7,41,0.0,0.002894,0
3250,0,,1,1,2,1,1,2,7,0.248524,0.257333,0.0,0.000817,0.000872,,0,506,15,30,0.0,0.004502,1
3244,0,,1,1,2,1,1,2,7,0.248524,0.257333,0.0,0.000817,0.000872,,0,506,15,30,0.0,0.004502,0
3416,0,,1,1,2,1,1,2,7,0.251106,0.259658,0.0,0.001051,0.001205,,0,506,13,15,0.0,0.005772,1
3360,0,,1,1,2,1,1,2,7,0.251106,0.259658,0.0,0.001051,0.001205,,0,506,13,15,0.0,0.005772,0
3343,0,,1,1,2,1,1,2,7,0.251106,0.259658,0.0,0.001051,0.001205,,0,506,13,15,0.0,0.005772,0
2960,0,,1,1,2,1,1,2,7,0.259111,0.26772,0.0,0.001467,0.001466,,0,506,14,64,0.0,0.007801,0
2951,0,,1,1,2,1,1,2,7,0.274064,0.284984,0.0,0.002747,0.002283,,0,506,8,7,0.0,0.011404,1
3318,0,,1,1,2,1,1,2,7,0.267643,0.277989,0.0,0.00132,0.001291,,0,506,3,31,0.0,0.006577,0
3306,0,,1,1,2,1,1,2,7,0.267643,0.277989,0.0,0.00132,0.001291,,0,506,3,31,0.0,0.006577,0
3235,0,,1,1,2,1,1,2,7,0.27109,0.280644,0.0,0.00192,0.001344,,0,506,13,33,0.0,0.006627,1
2628,0,,1,1,2,1,1,2,7,0.26077,0.269812,0.0,0.000811,0.000866,,0,506,6,102,0.0,0.004949,0
2625,0,,1,1,2,1,1,2,7,0.26077,0.269812,0.0,0.000811,0.000866,,0,506,6,102,0.0,0.004949,1
2623,0,,1,1,2,1,1,2,7,0.26077,0.269812,0.0,0.000811,0.000866,,0,506,6,102,0.0,0.004949,0
2985,0,,1,1,2,1,1,2,7,0.257934,0.267298,0.0,0.001253,0.001415,,0,506,15,35,0.0,0.007178,0
3171,0,,1,1,2,1,1,2,7,0.25765,0.266857,0.0,0.001243,0.001305,,0,506,13,28,0.0,0.006584,0
3403,0,,1,1,2,1,1,2,7,0.281518,0.292926,0.0,0.003018,0.002813,,0,506,13,69,0.0,0.014495,0
3246,0,,1,1,2,1,1,2,7,0.281518,0.292926,0.0,0.003018,0.002813,,0,506,13,69,0.0,0.014495,0
3404,0,,1,1,2,1,1,2,7,0.267375,0.277378,0.0,0.001151,0.001005,,0,506,3,16,0.0,0.004876,0
3387,0,,1,1,2,1,1,2,7,0.267375,0.277378,0.0,0.001151,0.001005,,0,506,3,16,0.0,0.004876,0
3379,0,,1,1,2,1,1,2,7,0.267375,0.277378,0.0,0.001151,0.001005,,0,506,3,16,0.0,0.004876,0
2473,0,,1,1,2,1,1,2,7,0.251612,0.259244,0.0,0.000542,0.000624,,0,506,2,79,0.0,0.003698,1
2720,0,,1,1,2,1,1,2,7,0.263298,0.272395,0.0,0.001216,0.001057,,0,506,14,63,0.0,0.005906,0
2490,0,,1,1,2,1,1,2,7,0.263298,0.272395,0.0,0.001216,0.001057,,0,506,14,63,0.0,0.005906,1
3353,0,,1,1,2,1,1,2,7,0.249418,0.258465,0.0,0.000761,0.000529,,0,506,3,16,0.0,0.00245,0
2663,0,,1,1,2,1,1,2,7,0.251325,0.258759,0.0,0.000656,0.000553,,0,506,2,11,0.0,0.003173,1
2842,0,,1,1,2,1,1,2,7,0.251325,0.258759,0.0,0.000656,0.000553,,0,506,2,11,0.0,0.003173,0
3031,0,,1,1,2,1,1,2,7,0.258878,0.26883,0.0,0.000804,0.000698,,0,506,13,10,0.0,0.003746,1
3251,0,,1,1,2,1,1,2,7,0.260208,0.270431,0.0,0.001024,0.001016,,0,506,13,22,0.0,0.00553,0
3285,0,,1,1,2,1,1,2,7,0.260788,0.27078,0.0,0.001312,0.001362,,0,506,13,10,0.0,0.007185,1
3137,0,,1,1,2,1,1,2,7,0.260788,0.27078,0.0,0.001312,0.001362,,0,506,13,10,0.0,0.007185,0
2911,0,,1,1,2,1,1,2,7,0.267605,0.277421,0.0,0.001004,0.001076,,0,506,1,83,0.0,0.006005,1
2702,0,,1,1,2,1,1,2,7,0.267605,0.277421,0.0,0.001004,0.001076,,0,506,1,83,0.0,0.006005,1
2805,0,,1,1,2,1,1,2,7,0.267605,0.277421,0.0,0.001004,0.001076,,0,506,1,83,0.0,0.006005,0
2521,0,,1,1,2,1,1,2,7,0.24455,0.251167,0.0,0.000262,0.000367,,0,506,8,56,0.0,0.001947,0
2684,0,,1,1,2,1,1,2,7,0.258111,0.267159,0.0,0.000439,0.000346,,0,506,11,70,0.0,0.002088,0
2864,0,,1,1,2,1,1,2,7,0.258111,0.267159,0.0,0.000439,0.000346,,0,506,11,70,0.0,0.002088,0
2862,0,,1,1,2,1,1,2,7,0.258111,0.267159,0.0,0.000439,0.000346,,0,506,11,70,0.0,0.002088,0
2855,0,,1,1,2,1,1,2,7,0.258111,0.267159,0.0,0.000439,0.000346,,0,506,11,70,0.0,0.002088,0
2838,0,,1,1,2,1,1,2,7,0.258111,0.267159,0.0,0.000439,0.000346,,0,506,11,70,0.0,0.002088,1
3408,0,,1,1,2,1,1,2,7,0.25765,0.267262,0.0,0.001557,0.001627,,0,506,3,30,0.0,0.0081,1
3396,0,,1,1,2,1,1,2,7,0.25765,0.267262,0.0,0.001557,0.001627,,0,506,3,30,0.0,0.0081,0
3381,0,,1,1,2,1,1,2,7,0.254534,0.263538,0.0,0.000555,0.000453,,0,506,3,16,0.0,0.002312,0
3321,0,,1,1,2,1,1,2,7,0.246125,0.253745,0.0,0.000715,0.000743,,0,506,13,31,0.0,0.003925,0
3294,0,,1,1,2,1,1,2,7,0.246125,0.253745,0.0,0.000715,0.000743,,0,506,13,31,0.0,0.003925,1
3282,0,,1,1,2,1,1,2,7,0.246125,0.253745,0.0,0.000715,0.000743,,0,506,13,31,0.0,0.003925,0
3182,0,,1,1,2,1,1,2,7,0.245834,0.253393,0.0,0.00043,0.000453,,0,506,14,66,0.0,0.002664,-1
2575,0,,1,1,2,1,1,2,7,0.245834,0.253393,0.0,0.00043,0.000453,,0,506,14,66,0.0,0.002664,0
2572,0,,1,1,2,1,1,2,7,0.245834,0.253393,0.0,0.00043,0.000453,,0,506,14,66,0.0,0.002664,0
2549,0,,1,1,2,1,1,2,7,0.245834,0.253393,0.0,0.00043,0.000453,,0,506,14,66,0.0,0.002664,0
3212,0,,1,1,2,1,1,2,7,0.254344,0.261992,0.0,0.000768,0.00062,,0,506,2,85,0.0,0.003526,0
2701,0,,1,1,2,1,1,2,7,0.245882,0.252805,0.0,0.000471,0.000387,,0,506,2,102,0.0,0.00226,0
2993,0,,1,1,2,1,1,2,8,0.226118,0.231639,0.0,0.000141,0.000281,,0,506,8,88,0.0,0.001591,1
2895,0,,1,1,2,1,1,2,7,0.25719,0.265827,0.0,0.001054,0.000984,,0,506,11,55,0.0,0.005195,1
2717,0,,1,1,2,1,1,2,7,0.253364,0.260919,0.0,0.000755,0.00073,,0,506,11,26,0.0,0.003836,0
2522,0,,1,1,2,1,1,2,7,0.241353,0.248699,0.0,0.000247,0.00031,,0,506,2,17,0.0,0.001877,1
2518,0,,1,1,2,1,1,2,7,0.241353,0.248699,0.0,0.000247,0.00031,,0,506,2,17,0.0,0.001877,0
2514,0,,1,1,2,1,1,2,7,0.241353,0.248699,0.0,0.000247,0.00031,,0,506,2,17,0.0,0.001877,0
2515,0,,1,1,2,1,1,2,7,0.241353,0.248699,0.0,0.000247,0.00031,,0,506,2,17,0.0,0.001877,0
2584,0,,1,1,2,1,1,2,7,0.257172,0.264706,0.0,0.000799,0.000864,,0,506,8,85,0.0,0.00451,0
3262,0,,1,1,2,1,1,2,8,0.221402,0.227324,0.0,0.000104,7.8e-05,,0,506,14,72,0.0,0.000481,0
2469,0,,1,1,2,1,1,2,7,0.2655,0.274869,0.0,0.001667,0.002292,,0,506,13,92,0.0,0.01126,1
2456,0,,1,1,2,1,1,2,7,0.2655,0.274869,0.0,0.001667,0.002292,,0,506,13,92,0.0,0.01126,0
2939,0,,1,1,2,1,1,2,7,0.263855,0.273724,0.0,0.000937,0.00091,,0,506,14,40,0.0,0.005099,0
2934,0,,1,1,2,1,1,2,7,0.263855,0.273724,0.0,0.000937,0.00091,,0,506,14,40,0.0,0.005099,1
2894,0,,1,1,2,1,1,2,7,0.263855,0.273724,0.0,0.000937,0.00091,,0,506,14,40,0.0,0.005099,0
2451,0,,1,1,2,1,1,2,7,0.245705,0.252758,0.0,0.000309,0.000314,,0,506,2,54,0.0,0.001851,0
2822,0,,1,1,2,1,1,2,7,0.261188,0.269945,0.0,0.000975,0.000755,,0,506,14,79,0.0,0.004184,1
2545,0,,1,1,2,1,1,2,7,0.261188,0.269945,0.0,0.000975,0.000755,,0,506,14,79,0.0,0.004184,0
2564,0,,1,1,2,1,1,2,7,0.261188,0.269945,0.0,0.000975,0.000755,,0,506,14,79,0.0,0.004184,1
3338,0,,1,1,2,1,1,2,7,0.235972,0.245124,0.0,0.00015,0.000152,,0,506,1,5,0.0,0.000997,0
2639,0,,1,1,2,1,1,2,7,0.246303,0.253335,0.0,0.000432,0.000451,,0,506,2,34,0.0,0.002575,0
2574,0,,1,1,2,1,1,2,7,0.246303,0.253335,0.0,0.000432,0.000451,,0,506,2,34,0.0,0.002575,1
3169,0,,1,1,2,1,1,2,7,0.263206,0.272434,0.0,0.000929,0.000901,,0,506,8,54,0.0,0.004962,1
2714,0,,1,1,2,1,1,2,7,0.263206,0.272434,0.0,0.000929,0.000901,,0,506,8,54,0.0,0.004962,1
2824,0,,1,1,2,1,1,2,7,0.271857,0.28161,0.0,0.001439,0.001344,,0,506,11,83,0.0,0.007091,0
2815,0,,1,1,2,1,1,2,7,0.250067,0.258106,0.0,0.00069,0.00059,,0,506,8,49,0.0,0.003095,0
3386,0,,1,1,2,1,1,2,7,0.252272,0.262151,0.0,0.000792,0.000802,,0,506,13,31,0.0,0.004219,0
2990,0,,1,1,2,1,1,2,7,0.242618,0.249441,0.0,0.000506,0.000725,,0,506,7,0,0.0,0.003767,0
3025,0,,1,1,2,1,1,2,7,0.242618,0.249441,0.0,0.000506,0.000725,,0,506,7,0,0.0,0.003767,0
2965,0,,1,1,2,1,1,2,7,0.26518,0.274278,0.0,0.001427,0.001337,,0,506,2,42,0.0,0.006673,0
2659,0,,1,1,2,1,1,2,7,0.23883,0.246449,0.0,0.000242,0.000207,,0,506,2,17,0.0,0.001367,0
3125,0,,1,1,2,1,1,2,7,0.282047,0.29511,0.0,0.003861,0.003726,,0,506,7,6,0.0,0.019688,0
3022,0,,1,1,2,1,1,2,7,0.282047,0.29511,0.0,0.003861,0.003726,,0,506,7,6,0.0,0.019688,0
3016,0,,1,1,2,1,1,2,7,0.282047,0.29511,0.0,0.003861,0.003726,,0,506,7,6,0.0,0.019688,1
3003,0,,1,1,2,1,1,2,7,0.282047,0.29511,0.0,0.003861,0.003726,,0,506,7,6,0.0,0.019688,0
2988,0,,1,1,2,1,1,2,7,0.282047,0.29511,0.0,0.003861,0.003726,,0,506,7,6,0.0,0.019688,0
2958,0,,1,1,2,1,1,2,7,0.282047,0.29511,0.0,0.003861,0.003726,,0,506,7,6,0.0,0.019688,0
2935,0,,1,1,2,1,1,2,7,0.282047,0.29511,0.0,0.003861,0.003726,,0,506,7,6,0.0,0.019688,0
3333,0,,1,1,2,1,1,2,7,0.254759,0.264419,0.0,0.000437,0.000416,,0,506,12,74,0.0,0.002596,1
2618,0,,1,1,2,1,1,2,7,0.246822,0.253842,0.0,0.000388,0.000264,,0,506,8,91,0.0,0.001601,1
2566,0,,1,1,2,1,1,2,7,0.246822,0.253842,0.0,0.000388,0.000264,,0,506,8,91,0.0,0.001601,0
3239,0,,1,1,2,1,1,2,8,0.216489,0.222193,0.0,8.9e-05,7.4e-05,,0,506,11,88,0.0,0.000489,0
3034,0,,1,1,2,1,1,2,8,0.216489,0.222193,0.0,8.9e-05,7.4e-05,,0,506,11,88,0.0,0.000489,0
2978,0,,1,1,2,1,1,2,7,0.247834,0.256852,0.0,0.000221,0.000265,,0,506,1,4,0.0,0.001388,1
2983,0,,1,1,2,1,1,2,7,0.247834,0.256852,0.0,0.000221,0.000265,,0,506,1,4,0.0,0.001388,0
2606,0,,1,1,2,1,1,2,8,0.211146,0.216527,0.0,3.3e-05,3.1e-05,,0,506,6,52,0.0,0.000302,0
2450,0,,1,1,2,1,1,2,8,0.202169,0.206532,0.0,1.1e-05,0.000261,,0,506,8,68,0.0,0.001504,0
2598,0,,1,1,2,1,1,2,7,0.237152,0.245035,0.0,0.000236,0.000246,,0,506,6,17,0.0,0.001562,0
2976,0,,1,1,2,1,1,2,7,0.255176,0.263646,0.0,0.001024,0.000958,,0,506,14,69,0.0,0.004653,0
3175,0,,1,1,2,1,1,2,7,0.241058,0.248236,0.0,0.000288,0.000222,,0,506,12,74,0.0,0.001129,0
2466,0,,1,1,2,1,1,2,7,0.242902,0.249895,0.0,0.000283,0.000333,,0,506,11,88,0.0,0.001854,0
2732,0,,1,1,2,1,1,2,7,0.236897,0.242489,0.0,0.00018,0.000193,,0,506,14,9,0.0,0.001054,0
2525,0,,1,1,2,1,1,2,7,0.242383,0.248851,0.0,0.000263,0.000354,,0,506,2,102,0.0,0.002089,0
3109,0,,1,1,2,1,1,2,7,0.226391,0.232622,0.0,0.00011,0.000188,,0,506,14,90,0.0,0.000969,0
3380,0,,1,1,2,1,1,2,7,0.260371,0.269325,0.0,0.000878,0.000741,,0,506,13,25,0.0,0.003734,0
2570,0,,1,1,2,1,1,2,7,0.232993,0.240056,0.0,0.000174,0.000154,,0,506,6,26,0.0,0.001087,0
2471,0,,1,1,2,1,1,2,7,0.232993,0.240056,0.0,0.000174,0.000154,,0,506,6,26,0.0,0.001087,0
2464,0,,1,1,2,1,1,2,7,0.232993,0.240056,0.0,0.000174,0.000154,,0,506,6,26,0.0,0.001087,0
2503,0,,1,1,2,1,1,2,7,0.241151,0.247486,0.0,0.00025,0.000339,,0,506,1,26,0.0,0.001793,1
2553,0,,1,1,2,1,1,2,7,0.24511,0.25237,0.0,0.000298,0.000307,,0,506,2,79,0.0,0.001836,0
3261,0,,1,1,2,1,1,2,7,0.244136,0.2509,0.0,0.00042,0.00042,,0,506,8,65,0.0,0.002241,1
2642,0,,1,1,2,1,1,2,8,0.198643,0.203288,0.0,1.9e-05,9e-06,,0,506,97,70,0.0,0.000187,0
2562,0,,1,1,2,1,1,2,8,0.198643,0.203288,0.0,1.9e-05,9e-06,,0,506,97,70,0.0,0.000187,0
2535,0,,1,1,2,1,1,2,8,0.198643,0.203288,0.0,1.9e-05,9e-06,,0,506,97,70,0.0,0.000187,0
2524,0,,1,1,2,1,1,2,8,0.221049,0.227047,0.0,7.6e-05,7.2e-05,,0,506,6,17,0.0,0.000514,0
3230,0,,1,1,2,1,1,2,7,0.246594,0.25543,0.0,0.000443,0.000525,,0,506,15,30,0.0,0.00294,1
3280,0,,1,1,2,1,1,2,8,0.241493,0.248281,0.0,0.000412,0.000413,,0,506,13,65,0.0,0.002201,0
3273,0,,1,1,2,1,1,2,8,0.241493,0.248281,0.0,0.000412,0.000413,,0,506,13,65,0.0,0.002201,0
3420,0,,1,1,2,1,1,2,7,0.262377,0.27162,0.0,0.000992,0.000796,,0,506,1,56,0.0,0.00426,0
2523,0,,1,1,2,1,1,2,7,0.259416,0.267975,0.0,0.000617,0.000674,,0,506,8,57,0.0,0.003652,1
2482,0,,1,1,2,1,1,2,7,0.22968,0.23661,0.0,0.00015,0.000275,,0,506,8,9,0.0,0.001602,1
2733,0,,1,1,2,1,1,2,7,0.234848,0.241663,0.0,0.00016,8.1e-05,,0,506,1,4,0.0,0.000532,1
2736,0,,1,1,2,1,1,2,7,0.24859,0.256155,0.0,0.00057,0.000593,,0,506,13,50,0.0,0.003035,1
2729,0,,1,1,2,1,1,2,7,0.24859,0.256155,0.0,0.00057,0.000593,,0,506,13,50,0.0,0.003035,0
2792,0,,1,1,2,1,1,2,7,0.256416,0.265341,0.0,0.000581,0.000677,,0,506,1,63,0.0,0.003768,0
2916,0,,1,1,2,1,1,2,7,0.237573,0.243669,0.0,0.000237,0.000283,,0,506,7,93,0.0,0.001637,0
2959,0,,1,1,2,1,1,2,7,0.254586,0.263532,0.0,0.000599,0.000485,,0,506,1,48,0.0,0.002831,-1
2476,0,,1,1,2,1,1,2,7,0.265274,0.274155,0.0,0.001137,0.001058,,0,506,11,97,0.0,0.005506,0
2928,0,,1,1,2,1,1,2,7,0.245769,0.25326,0.0,0.000317,0.000491,,0,506,2,96,0.0,0.002685,1
2669,0,,1,1,2,1,1,2,8,0.194367,0.19918,0.0,9e-06,2.8e-05,,0,506,6,52,0.0,0.000298,0
2589,0,,1,1,2,1,1,2,8,0.207763,0.212594,0.0,3.2e-05,1.4e-05,,0,506,14,72,0.0,0.000181,1
2984,0,,1,1,2,1,1,2,7,0.226967,0.233136,0.0,0.000123,0.000176,,0,506,1,5,0.0,0.000911,0
3350,0,,1,1,2,1,1,2,7,0.253347,0.262461,0.0,0.00097,0.001137,,0,506,14,56,0.0,0.00545,0
2829,0,,1,1,2,1,1,2,2,0.666667,0.75,0.0,0.0,6.3e-05,,0,232,1,4,0.0,0.000395,0
3106,0,,1,1,2,1,1,2,7,0.238526,0.246818,0.0,0.000202,0.00016,,0,506,7,10,0.0,0.000973,0
3223,0,,1,1,2,1,1,2,7,0.232113,0.238564,0.0,0.000138,0.000269,,0,506,8,49,0.0,0.001297,0
2680,0,,1,1,2,1,1,2,8,0.210944,0.216721,0.0,2.6e-05,5.4e-05,,0,506,6,89,0.0,0.000371,0
2799,0,,1,1,2,1,1,2,7,0.256538,0.265563,0.0,0.000575,0.000454,,0,506,11,88,0.0,0.002252,0
2785,0,,1,1,2,1,1,2,7,0.252834,0.261722,0.0,0.00053,0.00052,,0,506,14,40,0.0,0.002917,0
3334,0,,1,1,2,1,1,2,7,0.254275,0.263528,0.0,0.000611,0.000682,,0,506,1,35,0.0,0.00367,0
2664,0,,1,1,2,1,1,2,8,0.23243,0.23872,0.0,0.000126,0.000293,,0,506,6,72,0.0,0.001524,0
2834,0,,1,1,2,1,1,2,7,0.244423,0.250962,0.0,0.00047,0.000415,,0,506,14,63,0.0,0.002234,0
2833,0,,1,1,2,1,1,2,7,0.253124,0.261257,0.0,0.000675,0.000711,,0,506,13,83,0.0,0.003389,0
2581,0,,1,1,2,1,1,2,7,0.232531,0.239378,0.0,0.000135,0.000167,,0,506,6,103,0.0,0.00101,0
2601,0,,1,1,2,1,1,2,7,0.23569,0.241655,0.0,0.000173,0.000202,,0,506,2,17,0.0,0.001247,0
3040,0,,1,1,2,1,1,2,7,0.240825,0.248081,0.0,0.000444,0.000463,,0,506,3,10,0.0,0.002448,0
2484,0,,1,1,2,1,1,2,8,0.210364,0.215538,0.0,3.5e-05,4.4e-05,,0,506,2,89,0.0,0.000343,1
2463,0,,1,1,2,1,1,2,7,0.223049,0.228251,0.0,5e-05,8.5e-05,,0,506,2,20,0.0,0.000497,0
2461,0,,1,1,2,1,1,2,7,0.233487,0.240892,0.0,0.000166,0.000165,,0,506,2,17,0.0,0.001054,1
3205,0,,1,1,2,1,1,2,8,0.203509,0.207996,0.0,1.9e-05,9.9e-05,,0,506,8,17,0.0,0.000482,0
2512,0,,1,1,2,1,1,2,7,0.239486,0.245328,0.0,0.000267,0.000241,,0,506,8,72,0.0,0.001409,0
3012,0,,1,1,2,1,1,2,7,0.241306,0.247894,0.0,0.000267,0.000281,,0,506,11,78,0.0,0.001588,0
2852,0,,1,1,2,1,1,2,7,0.245753,0.253218,0.0,0.000443,0.000654,,0,506,7,57,0.0,0.003217,0
2668,0,,1,1,2,1,1,2,8,0.214642,0.220205,0.0,5e-05,5.2e-05,,0,506,2,85,0.0,0.000385,1
3257,0,,1,1,2,1,1,2,8,0.239747,0.246307,0.0,0.00031,0.000329,,0,506,13,72,0.0,0.001652,1
3146,0,,1,1,2,1,1,2,8,0.235675,0.242035,0.0,0.000267,0.000391,,0,506,6,61,0.0,0.002267,1
3413,0,,1,1,2,1,1,2,7,0.227132,0.235367,0.0,8.6e-05,8.5e-05,,0,506,1,58,0.0,0.00056,1
2547,0,,1,1,2,1,1,2,8,0.237317,0.243844,0.0,0.000186,0.000206,,0,506,2,9,0.0,0.001269,0
2998,0,,1,1,2,1,1,2,7,0.24487,0.251425,0.0,0.000319,0.000174,,0,506,2,56,0.0,0.000885,0
2890,0,,1,1,2,1,1,2,7,0.235838,0.242609,0.0,0.000331,0.000415,,0,506,15,100,0.0,0.002124,0
2949,0,,1,1,2,1,1,2,7,0.235838,0.242609,0.0,0.000331,0.000415,,0,506,15,100,0.0,0.002124,0
2929,0,,1,1,2,1,1,2,7,0.235838,0.242609,0.0,0.000331,0.000415,,0,506,15,100,0.0,0.002124,0
3359,0,,1,1,2,1,1,2,7,0.240454,0.246971,0.0,0.000474,0.000495,,0,506,13,78,0.0,0.002436,0
2974,0,,1,1,2,1,1,2,7,0.241555,0.247714,0.0,0.000231,0.000305,,0,506,15,53,0.0,0.001669,0
2648,0,,1,1,2,1,1,2,7,0.241976,0.24909,0.0,0.000234,0.000181,,0,506,8,91,0.0,0.001083,-1
2622,0,,1,1,2,1,1,2,7,0.231511,0.238187,0.0,0.000155,0.000194,,0,506,6,102,0.0,0.001321,0
2938,0,,1,1,2,1,1,2,8,0.213614,0.218866,0.0,3.2e-05,3.2e-05,,0,506,11,70,0.0,0.000234,0
2956,0,,1,1,2,1,1,2,7,0.253518,0.260805,0.0,0.000793,0.000665,,0,506,1,32,0.0,0.00353,1
3324,0,,1,1,2,1,1,2,8,0.198506,0.202597,0.0,1.9e-05,1.2e-05,,0,506,13,55,0.0,0.000128,0
3201,0,,1,1,2,1,1,2,7,0.240578,0.247359,0.0,0.00029,0.000322,,0,506,13,52,0.0,0.001586,1
3301,0,,1,1,2,1,1,2,7,0.232805,0.241323,0.0,0.000158,0.000147,,0,506,1,58,0.0,0.000954,0
2501,0,,1,1,2,1,1,2,8,0.211851,0.216394,0.0,2.4e-05,7.1e-05,,0,506,8,2,0.0,0.000403,0
2500,0,,1,1,2,1,1,2,8,0.226487,0.232907,0.0,0.000102,9.1e-05,,0,506,2,20,0.0,0.000622,1
2491,0,,1,1,2,1,1,2,8,0.225207,0.232349,0.0,0.000116,0.000272,,0,506,2,93,0.0,0.001465,1
3326,0,,1,1,2,1,1,2,7,0.244982,0.253613,0.0,0.000285,0.000268,,0,506,14,72,0.0,0.001546,0
2537,0,,1,1,2,1,1,2,7,0.239318,0.245211,0.0,0.000287,0.000268,,0,506,15,0,0.0,0.001539,1
2546,0,,1,1,2,1,1,2,8,0.214151,0.219852,0.0,4.8e-05,4.4e-05,,0,506,2,20,0.0,0.000272,0
2480,0,,1,1,2,1,1,2,7,0.235972,0.244469,0.0,0.00014,0.000134,,0,506,2,26,0.0,0.000848,0
2937,0,,1,1,2,1,1,2,7,0.238011,0.24663,0.0,0.000188,0.00015,,0,506,1,52,0.0,0.000916,0
2567,0,,1,1,2,1,1,2,8,0.219894,0.225227,0.0,6e-05,5.3e-05,,0,506,8,102,0.0,0.000382,0
2603,0,,1,1,2,1,1,2,8,0.236478,0.242812,0.0,0.000152,0.000161,,0,506,6,103,0.0,0.001002,0
2560,0,,1,1,2,1,1,2,8,0.236478,0.242812,0.0,0.000152,0.000161,,0,506,6,103,0.0,0.001002,1
2994,0,,1,1,2,1,1,2,7,0.245866,0.254848,0.0,0.000324,0.000384,,0,506,13,11,0.0,0.002163,0
3340,0,,1,1,2,1,1,2,7,0.226967,0.233032,0.0,0.000186,0.000156,,0,506,13,55,0.0,0.000878,0
3320,0,,1,1,2,1,1,2,7,0.226967,0.233032,0.0,0.000186,0.000156,,0,506,13,55,0.0,0.000878,0
2593,0,,1,1,2,1,1,2,7,0.234745,0.240254,0.0,0.000121,0.000123,,0,506,2,20,0.0,0.000729,0
2548,0,,1,1,2,1,1,2,7,0.240532,0.247309,0.0,0.000355,0.000277,,0,506,13,53,0.0,0.001664,0
2539,0,,1,1,2,1,1,2,8,0.226309,0.232489,0.0,0.000136,0.000118,,0,506,11,10,0.0,0.000745,0
2658,0,,1,1,2,1,1,2,8,0.213334,0.218787,0.0,2.8e-05,4.7e-05,,0,506,11,45,0.0,0.000363,0
2899,0,,1,1,2,1,1,2,7,0.245689,0.254209,0.0,0.000355,0.000439,,0,506,1,2,0.0,0.002381,0
2973,0,,1,1,2,1,1,2,8,0.223581,0.229315,0.0,8.2e-05,0.00011,,0,506,7,24,0.0,0.000549,1
2474,0,,1,1,2,1,1,2,7,0.251358,0.259972,0.0,0.000316,0.000246,,0,506,2,91,0.0,0.001442,0
2460,0,,1,1,2,1,1,2,7,0.251358,0.259972,0.0,0.000316,0.000246,,0,506,2,91,0.0,0.001442,0
2643,0,,1,1,2,1,1,2,7,0.231425,0.238361,0.0,0.000125,0.00023,,0,506,2,91,0.0,0.001365,0
2591,0,,1,1,2,1,1,2,7,0.230457,0.236481,0.0,0.000109,0.00011,,0,506,2,17,0.0,0.000669,0
2755,0,,1,1,2,1,1,2,8,0.232257,0.239218,0.0,0.000185,0.000181,,0,506,14,50,0.0,0.001097,0
2910,0,,1,1,2,1,1,2,8,0.239104,0.245565,0.0,0.000366,0.000349,,0,506,2,88,0.0,0.001726,1
3252,0,,1,1,2,1,1,2,7,0.244918,0.251747,0.0,0.000452,0.000264,,0,506,11,88,0.0,0.001293,0
3249,0,,1,1,2,1,1,2,7,0.244918,0.251747,0.0,0.000452,0.000264,,0,506,11,88,0.0,0.001293,0
3243,0,,1,1,2,1,1,2,7,0.244918,0.251747,0.0,0.000452,0.000264,,0,506,11,88,0.0,0.001293,0
3153,0,,1,1,2,1,1,2,7,0.244918,0.251747,0.0,0.000452,0.000264,,0,506,11,88,0.0,0.001293,0
3090,0,,1,1,2,1,1,2,7,0.244918,0.251747,0.0,0.000452,0.000264,,0,506,11,88,0.0,0.001293,0
2590,0,,1,1,2,1,1,2,7,0.240408,0.246479,0.0,0.000223,0.00031,,0,506,8,56,0.0,0.001578,0
2705,0,,1,1,2,1,1,2,8,0.234922,0.240703,0.0,0.000139,0.000263,,0,506,8,31,0.0,0.001427,0
2681,0,,1,1,2,1,1,2,8,0.234922,0.240703,0.0,0.000139,0.000263,,0,506,8,31,0.0,0.001427,1
2753,0,,1,1,2,1,1,2,7,0.238132,0.246402,0.0,0.000205,0.000266,,0,506,11,90,0.0,0.001503,1
3357,0,,1,1,2,1,1,2,7,0.254811,0.263272,0.0,0.000511,0.000513,,0,506,8,90,0.0,0.002811,0
3258,0,,1,1,2,1,1,2,8,0.225723,0.231408,0.0,9.4e-05,2.8e-05,,0,506,7,85,0.0,0.000244,0
2517,0,,1,1,2,1,1,2,8,0.190687,0.194111,0.0,1e-05,4e-06,,0,506,97,70,0.0,0.000103,1
2505,0,,1,1,2,1,1,2,8,0.190687,0.194111,0.0,1e-05,4e-06,,0,506,97,70,0.0,0.000103,0
2640,0,,1,1,2,1,1,2,8,0.229343,0.235446,0.0,0.00016,0.000179,,0,506,8,89,0.0,0.001043,1
2645,0,,1,1,2,1,1,2,8,0.229343,0.235446,0.0,0.00016,0.000179,,0,506,8,89,0.0,0.001043,0
2646,0,,1,1,2,1,1,2,8,0.203974,0.208167,0.0,1.4e-05,3.6e-05,,0,506,2,71,0.0,0.000221,0
3151,0,,1,1,2,1,1,2,7,0.248392,0.255563,0.0,0.000524,0.000437,,0,506,8,63,0.0,0.002466,1
2882,0,,1,1,2,1,1,2,7,0.23243,0.238182,0.0,0.000138,0.000125,,0,506,11,50,0.0,0.000634,0
2831,0,,1,1,2,1,1,2,7,0.237347,0.244329,0.0,0.000274,0.000271,,0,506,15,54,0.0,0.001474,0
3110,0,,1,1,2,1,1,2,7,0.235231,0.241131,0.0,0.000248,0.000329,,0,506,13,69,0.0,0.001551,0
3160,0,,1,1,2,1,1,2,7,0.240872,0.248624,0.0,0.000356,0.000382,,0,506,13,11,0.0,0.002005,0
2452,0,,1,1,2,1,1,2,8,0.216803,0.221899,0.0,3.4e-05,3.9e-05,,0,506,8,58,0.0,0.000243,0
2533,0,,1,1,2,1,1,2,7,0.231097,0.236887,0.0,0.000125,0.00012,,0,506,13,17,0.0,0.000743,1
2704,0,,1,1,2,1,1,2,7,0.239854,0.24667,0.0,0.000227,0.000226,,0,506,1,50,0.0,0.001327,1
2534,0,,1,1,2,1,1,2,8,0.229399,0.234827,0.0,9.4e-05,9.9e-05,,0,506,8,3,0.0,0.000577,0
2592,0,,1,1,2,1,1,2,8,0.191281,0.194956,0.0,6e-06,4e-06,,0,506,6,89,0.0,7.8e-05,1
2612,0,,1,1,2,1,1,2,8,0.202486,0.207371,0.0,1.4e-05,9e-06,,0,506,6,89,0.0,0.000113,0
2776,0,,1,1,2,1,1,2,7,0.251764,0.258787,0.0,0.000541,0.000454,,0,506,8,88,0.0,0.002374,0
2719,0,,1,1,2,1,1,2,7,0.251764,0.258787,0.0,0.000541,0.000454,,0,506,8,88,0.0,0.002374,0
2721,0,,1,1,2,1,1,2,8,0.224224,0.230581,0.0,7.6e-05,8.2e-05,,0,506,6,52,0.0,0.000468,0
2715,0,,1,1,2,1,1,2,8,0.224224,0.230581,0.0,7.6e-05,8.2e-05,,0,506,6,52,0.0,0.000468,0
3204,0,,1,1,2,1,1,2,8,0.198959,0.203366,0.0,1.2e-05,3e-05,,0,506,12,22,0.0,0.000238,1
2495,0,,1,1,2,1,1,2,7,0.228755,0.235808,0.0,0.000105,0.000139,,0,506,14,91,0.0,0.000863,0
2478,0,,1,1,2,1,1,2,7,0.22148,0.227131,0.0,5.3e-05,5.6e-05,,0,506,2,63,0.0,0.000344,0
2765,0,,1,1,2,1,1,2,7,0.242807,0.248828,0.0,0.00028,0.000329,,0,506,8,26,0.0,0.001617,0
2860,0,,1,1,2,1,1,2,8,0.226981,0.232798,0.0,0.000139,0.000133,,0,506,7,57,0.0,0.000777,0
2877,0,,1,1,2,1,1,2,7,0.242933,0.249532,0.0,0.000362,0.000444,,0,506,14,98,0.0,0.002229,0
3005,0,,1,1,2,1,1,2,8,0.217925,0.223186,0.0,8.3e-05,3.6e-05,,0,506,11,88,0.0,0.000261,0
2912,0,,1,1,2,1,1,2,7,0.231639,0.237473,0.0,0.000169,0.00017,,0,506,11,47,0.0,0.000914,0
3067,0,,1,1,2,1,1,2,7,0.248987,0.257659,0.0,0.000703,0.000695,,0,506,7,81,0.0,0.00341,1
3358,0,,1,1,2,1,1,2,7,0.235809,0.241908,0.0,0.000183,0.000217,,0,506,1,70,0.0,0.00099,0
3288,0,,1,1,2,1,1,2,7,0.235809,0.241908,0.0,0.000183,0.000217,,0,506,1,70,0.0,0.00099,0
2494,0,,1,1,2,1,1,2,8,0.225791,0.230909,0.0,6e-05,8.9e-05,,0,506,8,17,0.0,0.000563,0
2728,0,,1,1,2,1,1,2,7,0.228045,0.233745,0.0,8e-05,9.3e-05,,0,506,8,9,0.0,0.000563,0
2641,0,,1,1,2,1,1,2,7,0.228045,0.233745,0.0,8e-05,9.3e-05,,0,506,8,9,0.0,0.000563,0
2836,0,,1,1,2,1,1,2,8,0.217444,0.222907,0.0,3.7e-05,4.4e-05,,0,506,1,4,0.0,0.000267,1
2917,0,,1,1,2,1,1,2,7,0.258058,0.267266,0.0,0.001239,0.001385,,0,506,7,86,0.0,0.007624,0
2884,0,,1,1,2,1,1,2,7,0.258058,0.267266,0.0,0.001239,0.001385,,0,506,7,86,0.0,0.007624,1
2875,0,,1,1,2,1,1,2,7,0.258058,0.267266,0.0,0.001239,0.001385,,0,506,7,86,0.0,0.007624,0
2871,0,,1,1,2,1,1,2,7,0.258058,0.267266,0.0,0.001239,0.001385,,0,506,7,86,0.0,0.007624,0
2867,0,,1,1,2,1,1,2,7,0.258058,0.267266,0.0,0.001239,0.001385,,0,506,7,86,0.0,0.007624,0
2849,0,,1,1,2,1,1,2,7,0.258058,0.267266,0.0,0.001239,0.001385,,0,506,7,86,0.0,0.007624,0
3238,0,,1,1,2,1,1,2,7,0.242164,0.249948,0.0,0.000444,0.000437,,0,506,15,65,0.0,0.002286,0
3323,0,,1,1,2,1,1,2,7,0.249783,0.258198,0.0,0.000672,0.000183,,0,506,3,16,0.0,0.000802,1
3268,0,,1,1,2,1,1,2,7,0.224923,0.231897,0.0,0.00023,0.000215,,0,506,15,15,0.0,0.001222,0
2711,0,,1,1,2,1,1,2,8,0.211122,0.216035,0.0,3.5e-05,3.2e-05,,0,506,2,0,0.0,0.000229,0
2703,0,,1,1,2,1,1,2,7,0.225207,0.231346,0.0,8.4e-05,8.9e-05,,0,506,2,12,0.0,0.00053,1
2629,0,,1,1,2,1,1,2,7,0.231654,0.237901,0.0,0.000146,0.000153,,0,506,8,54,0.0,0.000899,0
3237,0,,1,1,2,1,1,2,8,0.206606,0.211274,0.0,1.8e-05,5e-06,,0,506,14,90,0.0,8e-05,0
3446,0,,1,1,2,1,1,2,8,0.230075,0.236898,0.0,0.000188,0.000152,,0,506,3,16,0.0,0.00067,1
2542,0,,1,1,2,1,1,2,8,0.212078,0.21764,0.0,4.6e-05,4.8e-05,,0,506,6,103,0.0,0.00033,0
2726,0,,1,1,2,1,1,2,8,0.198759,0.203292,0.0,7e-06,0.000119,,0,506,1,48,0.0,0.000563,1
2948,0,,1,1,2,1,1,2,7,0.244279,0.250589,0.0,0.00048,0.000551,,0,506,13,84,0.0,0.002864,0
3162,0,,1,1,2,1,1,2,7,0.246303,0.254864,0.0,0.000242,0.000259,,0,506,1,17,0.0,0.001412,0
3055,0,,1,1,2,1,1,2,7,0.240903,0.247301,0.0,0.000276,0.000268,,0,506,3,61,0.0,0.001334,0
3291,0,,1,1,2,1,1,2,8,0.223675,0.229911,0.0,8.8e-05,8.7e-05,,0,506,13,74,0.0,0.000509,1
2457,0,,1,1,2,1,1,2,8,0.217444,0.222608,0.0,4.1e-05,4.8e-05,,0,506,8,71,0.0,0.000313,1
2458,0,,1,1,2,1,1,2,8,0.217444,0.222608,0.0,4.1e-05,4.8e-05,,0,506,8,71,0.0,0.000313,0
3405,0,,1,1,2,1,1,2,7,0.240423,0.246518,0.0,0.000221,0.000127,,0,506,2,24,0.0,0.000724,0
2730,0,,1,1,2,1,1,2,9,0.176081,0.179345,0.0,1e-06,2e-06,,0,506,1,4,0.0,5.5e-05,0
2600,0,,1,1,2,1,1,2,9,0.176081,0.179345,0.0,1e-06,2e-06,,0,506,1,4,0.0,5.5e-05,0
2982,0,,1,1,2,1,1,2,7,0.231768,0.237063,0.0,0.000138,0.000147,,0,506,14,2,0.0,0.000849,0
3157,0,,1,1,2,1,1,2,7,0.231411,0.239048,0.0,0.000274,0.000248,,0,506,2,69,0.0,0.001219,0
3263,0,,1,1,2,1,1,2,7,0.227947,0.236172,0.0,9.2e-05,9.3e-05,,0,506,1,5,0.0,0.000604,0
2489,0,,1,1,2,1,1,2,8,0.202815,0.207132,0.0,1.1e-05,1.2e-05,,0,506,1,68,0.0,0.000104,1
2689,0,,1,1,2,1,1,2,7,0.222334,0.228211,0.0,5.8e-05,7e-05,,0,506,2,20,0.0,0.000406,0
2470,0,,1,1,2,1,1,2,7,0.236837,0.242297,0.0,0.000158,0.000149,,0,506,2,68,0.0,0.000887,1
2513,0,,1,1,2,1,1,2,8,0.190745,0.194085,0.0,3e-06,9e-05,,0,506,97,70,0.0,0.000433,1
2516,0,,1,1,2,1,1,2,8,0.190745,0.194085,0.0,3e-06,9e-05,,0,506,97,70,0.0,0.000433,1
3008,0,,1,1,2,1,1,2,8,0.21865,0.223843,0.0,4.6e-05,4.7e-05,,0,506,6,2,0.0,0.000278,0
3199,0,,1,1,2,1,1,2,7,0.222453,0.228519,0.0,0.000134,0.000109,,0,506,13,12,0.0,0.000627,0
3311,0,,1,1,2,1,1,2,8,0.216577,0.222622,0.0,7.4e-05,7.4e-05,,0,506,14,74,0.0,0.000419,0
2477,0,,1,1,2,1,1,2,7,0.219817,0.225079,0.0,5.8e-05,5.6e-05,,0,506,2,20,0.0,0.000366,0
2691,0,,1,1,2,1,1,2,8,0.215061,0.220348,0.0,3.7e-05,6.4e-05,,0,506,2,52,0.0,0.000411,0
2588,0,,1,1,2,1,1,2,8,0.215061,0.220348,0.0,3.7e-05,6.4e-05,,0,506,2,52,0.0,0.000411,0
2587,0,,1,1,2,1,1,2,8,0.190609,0.195295,0.0,3e-06,4e-06,,0,506,1,4,0.0,6.5e-05,0
2712,0,,1,1,2,1,1,2,7,0.227215,0.23547,0.0,8.7e-05,8.7e-05,,0,506,1,4,0.0,0.000573,0
2674,0,,1,1,2,1,1,2,8,0.225696,0.230827,0.0,0.000101,9.7e-05,,0,506,8,89,0.0,0.000561,1
3225,0,,1,1,2,1,1,2,7,0.229722,0.238164,0.0,0.000108,0.000109,,0,506,1,98,0.0,0.000684,0
2888,0,,1,1,2,1,1,2,8,0.232459,0.238111,0.0,0.000144,0.000147,,0,506,11,98,0.0,0.000791,0
2528,0,,1,1,2,1,1,2,8,0.213176,0.218385,0.0,5e-05,3.4e-05,,0,506,2,71,0.0,0.000244,0
2644,0,,1,1,2,1,1,2,9,0.178701,0.181936,0.0,1e-06,3e-06,,0,506,1,3,0.0,5.5e-05,0
2676,0,,1,1,2,1,1,2,9,0.165745,0.168448,0.0,0.0,0.0,,0,506,97,70,0.0,3.7e-05,0
2757,0,,1,1,2,1,1,2,8,0.214372,0.219535,0.0,4.5e-05,4.4e-05,,0,506,7,48,0.0,0.000299,0
3278,0,,1,1,2,1,1,2,7,0.224385,0.22952,0.0,8.4e-05,8.3e-05,,0,506,13,15,0.0,0.000466,0
3266,0,,1,1,2,1,1,2,8,0.196579,0.200657,0.0,1e-05,9e-06,,0,506,13,52,0.0,8.1e-05,0
2540,0,,1,1,2,1,1,2,9,0.168845,0.171339,0.0,0.0,3.6e-05,,0,506,14,45,0.0,0.000143,0
2627,0,,1,1,2,1,1,2,8,0.188994,0.192771,0.0,4e-06,4e-06,,0,506,6,26,0.0,5.8e-05,0
2621,0,,1,1,2,1,1,2,9,0.173336,0.176647,0.0,0.0,1e-06,,0,506,6,89,0.0,3.7e-05,0
2671,0,,1,1,2,1,1,2,8,0.203974,0.208167,0.0,1.4e-05,3.1e-05,,0,506,8,58,0.0,0.000178,0
2716,0,,1,1,2,1,1,2,8,0.189674,0.194375,0.0,3e-06,3e-06,,0,506,1,4,0.0,5.5e-05,0
2735,0,,1,1,2,1,1,2,7,0.233983,0.239417,0.0,0.000131,0.000134,,0,506,2,17,0.0,0.000717,0
2769,0,,1,1,2,1,1,2,8,0.190629,0.194197,0.0,4e-06,6.8e-05,,0,506,11,23,0.0,0.000431,0
2940,0,,1,1,2,1,1,2,8,0.225859,0.231091,0.0,8.3e-05,9.2e-05,,0,506,7,28,0.0,0.000481,0
3030,0,,1,1,2,1,1,2,8,0.20545,0.210677,0.0,1.3e-05,1.7e-05,,0,506,97,70,0.0,0.000113,0
3140,0,,1,1,2,1,1,2,8,0.209435,0.215155,0.0,4.4e-05,3e-05,,0,506,13,49,0.0,0.000259,0
3209,0,,1,1,2,1,1,2,8,0.214029,0.219046,0.0,3.2e-05,3.1e-05,,0,506,13,11,0.0,0.00021,0
3242,0,,1,1,2,1,1,2,8,0.191643,0.195105,0.0,7e-06,7e-06,,0,506,13,30,0.0,6.8e-05,0
3265,0,,1,1,2,1,1,2,8,0.203211,0.20807,0.0,2.4e-05,2e-05,,0,506,15,30,0.0,0.000161,0
3214,0,,1,1,2,1,1,2,7,0.228559,0.235193,0.0,0.000141,0.00012,,0,506,3,16,0.0,0.000606,0
2578,0,,1,1,2,1,1,2,2,0.666667,0.75,0.0,2e-06,0.0,,0,402,8,13,0.0,4.3e-05,0
2613,0,,1,1,2,1,1,2,8,0.219418,0.224481,0.0,5.6e-05,7e-06,,0,506,2,79,0.0,7.7e-05,0
2737,0,,1,1,2,1,1,2,7,0.226953,0.235105,0.0,8.4e-05,8.4e-05,,0,506,1,1,0.0,0.000543,0
2885,0,,1,1,2,1,1,2,8,0.198738,0.202353,0.0,1.6e-05,1.8e-05,,0,506,11,47,0.0,0.000106,0
3287,0,,1,1,2,1,1,2,8,0.220036,0.226076,0.0,8.8e-05,9.1e-05,,0,506,7,6,0.0,0.000495,0
3391,0,,1,1,2,1,1,2,7,0.262395,0.273231,0.0,0.00145,0.000937,,0,506,3,16,0.0,0.004297,0
3327,0,,1,1,2,1,1,2,8,0.202027,0.206227,0.0,2.6e-05,0.000113,,0,506,13,31,0.0,0.000627,0
2440,0,,1,1,2,1,1,2,8,0.231926,0.238076,0.0,0.000141,0.001037,,0,506,14,94,0.0,0.00499,0
2493,0,,1,1,2,1,1,2,7,0.236912,0.242737,0.0,0.000128,0.000148,,0,506,1,26,0.0,0.000855,0
2536,0,,1,1,2,1,1,2,8,0.202716,0.207204,0.0,1.6e-05,4.4e-05,,0,506,6,17,0.0,0.00029,0
2607,0,,1,1,2,1,1,2,7,0.248096,0.257222,0.0,0.000429,0.000675,,0,506,6,3,0.0,0.004138,0
2652,0,,1,1,2,1,1,2,8,0.220464,0.225494,0.0,6.2e-05,5.1e-05,,0,506,11,2,0.0,0.000304,0
2789,0,,1,1,2,1,1,2,7,0.270854,0.280825,0.0,0.001485,0.001789,,0,506,11,97,0.0,0.00942,0
2811,0,,1,1,2,1,1,2,8,0.228936,0.234587,0.0,0.000172,0.00028,,0,506,11,63,0.0,0.001461,0
2900,0,,1,1,2,1,1,2,8,0.21458,0.21968,0.0,7.2e-05,0.000114,,0,506,14,86,0.0,0.000601,0
3197,0,,1,1,2,1,1,2,7,0.237663,0.245572,0.0,0.000277,0.000288,,0,506,13,22,0.0,0.00152,0
3314,0,,1,1,2,1,1,2,8,0.220153,0.225487,0.0,8.3e-05,0.000169,,0,506,3,61,0.0,0.000817,0
3394,0,,1,1,2,1,1,2,7,0.230826,0.237656,0.0,0.000248,0.000415,,0,506,13,25,0.0,0.00195,0
2367,0,,1,0,1,2,0,2,0,0.0,0.0,0.0,0.003555,0.0,,0,504,1,1,0.0,0.02022,0
2296,0,,1,0,1,2,0,2,0,0.0,0.0,0.0,0.003555,0.0,,0,503,1,1,0.0,0.02022,0
2368,0,,2,0,2,2,0,2,0,0.0,0.0,0.0,0.003843,0.0,,0,338,1,1,0.0,0.021332,0
2273,0,,2,0,2,2,0,2,0,0.0,0.0,0.0,0.003563,0.0,,0,81,1,1,0.0,0.020264,0
2024,0,,1,0,1,2,0,2,0,0.0,0.0,0.0,0.002602,0.0,,0,351,2,18,0.0,0.014116,0
2307,0,,1,0,1,2,0,2,0,0.0,0.0,0.0,0.003716,0.0,,0,356,15,37,0.0,0.019042,0
2141,0,,2,0,2,2,0,2,0,0.0,0.0,0.0,0.002995,0.0,,0,48,6,23,1.0,0.016893,0
2288,0,,1,0,1,2,0,2,0,0.0,0.0,0.0,0.001218,0.0,,0,418,12,74,0.0,0.009067,0
2134,0,,2,0,2,2,0,2,0,0.0,0.0,0.0,0.003882,0.0,,0,285,13,100,0.0,0.02253,0
2437,0,,2,0,2,2,0,2,0,0.0,0.0,0.0,0.003463,0.0,,0,148,3,16,1.0,0.014178,1
2433,0,,2,0,2,2,0,2,0,0.0,0.0,0.0,0.002785,0.0,,0,143,3,16,0.5,0.011948,1
2432,0,,2,0,2,2,0,2,0,0.0,0.0,0.0,0.003463,0.0,,0,147,3,16,1.0,0.014178,0
2422,0,,2,0,2,2,0,2,0,0.0,0.0,0.0,0.004152,0.0,,0,253,3,16,1.0,0.016024,0
2431,0,,2,0,2,2,0,2,0,0.0,0.0,0.0,0.002835,0.0,,0,111,3,16,1.0,0.012353,0
2428,0,,2,0,2,2,0,2,0,0.0,0.0,0.0,0.004152,0.0,,0,254,3,16,1.0,0.016024,1
2312,0,,2,0,2,2,0,2,0,0.0,0.0,0.0,0.004152,0.0,,0,260,3,16,1.0,0.016024,0
2247,0,,2,0,2,2,0,2,0,0.0,0.0,0.0,0.002579,0.0,,0,238,1,4,0.0,0.01404,1
1986,0,,2,0,2,2,0,2,0,0.0,0.0,0.0,0.003838,0.0,,0,283,7,98,1.0,0.019758,0
2313,0,,1,0,1,2,0,2,0,0.0,0.0,0.0,0.001199,0.0,,0,169,1,5,0.0,0.005341,0
2232,0,,1,0,1,2,0,2,0,0.0,0.0,0.0,0.001199,0.0,,0,168,1,5,0.0,0.005341,0
2078,0,,2,0,2,2,0,2,0,0.0,0.0,0.0,0.002412,0.0,,0,367,13,8,0.0,0.01204,0
1943,0,,2,0,2,2,0,2,0,0.0,0.0,0.0,0.001215,0.0,,0,335,14,91,1.0,0.006631,0
1933,0,,2,0,2,2,0,2,0,0.0,0.0,0.0,0.002437,0.0,,0,370,11,85,0.0,0.012793,0
2133,0,,1,0,1,2,0,2,0,0.0,0.0,0.0,0.002087,0.0,,0,182,11,84,0.0,0.010925,0
2220,0,,1,0,1,2,0,2,0,0.0,0.0,0.0,0.000282,0.0,,0,173,14,72,0.0,0.002659,0
2419,0,,2,0,2,2,0,2,0,0.0,0.0,0.0,0.003877,0.0,,0,237,13,8,0.5,0.011314,0
2429,0,,2,0,2,2,0,2,0,0.0,0.0,0.0,0.000789,0.0,,0,300,3,16,0.5,0.004157,0
2416,0,,2,0,2,2,0,2,0,0.0,0.0,0.0,0.001595,0.0,,0,161,3,16,0.0,0.008038,1
2018,0,,1,0,1,2,0,2,0,0.0,0.0,0.0,0.001326,0.0,,0,371,11,85,0.0,0.007026,0
2411,0,,2,0,2,2,0,2,0,0.0,0.0,0.0,0.00138,0.0,,0,160,3,16,0.5,0.004901,0
1993,0,,2,0,2,2,0,2,0,0.0,0.0,0.0,0.000549,0.0,,0,359,2,3,0.0,0.003764,1
2413,0,,2,0,2,2,0,2,0,0.0,0.0,0.0,0.000564,0.0,,0,151,3,16,0.0,0.002246,1
2294,0,,1,0,1,2,0,2,0,0.0,0.0,0.0,0.000309,0.0,,0,315,2,54,0.0,0.001851,1
1961,0,,1,0,1,2,0,2,0,0.0,0.0,0.0,0.00059,0.0,,0,165,11,100,0.0,0.001975,0
2424,0,,1,0,1,2,0,2,0,0.0,0.0,0.0,0.001582,0.0,,0,190,2,41,0.0,0.006058,0
2435,0,,1,0,1,2,0,2,0,0.0,0.0,0.0,0.000396,0.0,,0,155,3,16,0.0,0.001193,0
2047,0,,1,0,1,2,0,2,0,0.0,0.0,0.0,0.000138,0.0,,0,180,6,4,0.0,0.001371,0
2035,0,,1,0,1,2,0,2,0,0.0,0.0,0.0,4.2e-05,0.0,,0,179,6,89,0.0,0.000316,0
2023,0,,1,0,1,2,0,2,0,0.0,0.0,0.0,4.2e-05,0.0,,0,178,6,89,0.0,0.000316,0
1934,0,,1,0,1,2,0,2,0,0.0,0.0,0.0,4.2e-05,0.0,,0,177,6,89,0.0,0.000316,0
1945,0,,1,0,1,2,0,2,0,0.0,0.0,0.0,5e-05,0.0,,0,296,2,20,0.0,0.000497,0
2015,0,,1,0,1,2,0,2,0,0.0,0.0,0.0,0.00029,0.0,,0,33,8,16,0.0,0.001847,0
2036,0,,1,0,1,2,0,2,0,0.0,0.0,0.0,0.000155,0.0,,0,55,6,102,0.0,0.001321,1
1979,0,,2,0,2,2,0,2,0,0.0,0.0,0.0,0.000343,0.0,,0,309,2,26,1.0,0.001741,0
2088,0,,2,0,2,2,0,2,0,0.0,0.0,0.0,0.000176,0.0,,0,336,14,48,0.0,0.000992,0
2425,0,,1,0,1,2,0,2,0,0.0,0.0,0.0,0.000413,0.0,,0,164,8,74,0.0,0.001975,0
2423,0,,1,0,1,2,0,2,0,0.0,0.0,0.0,0.000185,0.0,,0,136,15,16,0.0,0.000904,0
2420,0,,1,0,1,2,0,2,0,0.0,0.0,0.0,0.000162,0.0,,0,67,3,16,0.0,0.000659,1
2021,0,,1,0,1,2,0,2,0,0.0,0.0,0.0,1.9e-05,0.0,,0,54,2,102,0.0,0.000163,1
2075,0,,1,0,1,2,0,2,0,0.0,0.0,0.0,7.2e-05,0.0,,0,373,8,20,0.0,0.000332,0
2214,0,,1,0,1,2,0,2,0,0.0,0.0,0.0,0.00029,0.0,,0,211,7,63,0.0,0.001915,0
2203,0,,1,0,1,2,0,2,0,0.0,0.0,0.0,3.9e-05,0.0,,0,5,14,84,0.0,0.000236,1
1987,0,,2,0,2,2,0,2,0,0.0,0.0,0.0,3.4e-05,0.0,,0,34,6,64,0.0,0.000235,0
2221,0,,1,0,1,2,0,2,0,0.0,0.0,0.0,5e-06,0.0,,0,9,11,100,0.0,5.9e-05,0
2327,0,,1,0,1,2,0,2,0,0.0,0.0,0.0,0.001166,0.0,,0,423,13,40,0.0,0.006452,0
6736,0,,0,1,1,0,3,3,7,0.260985,0.271345,0.0,0.0,0.0019,,0,513,13,43,0.0,0.0,0
3355,0,,1,1,2,1,2,3,6,0.293514,0.312147,0.0,0.003555,0.003539,,0,506,1,1,0.0,0.02022,-1
3319,0,,1,1,2,1,2,3,6,0.293514,0.312147,0.0,0.003555,0.003539,,0,506,1,1,0.0,0.02022,0
3300,0,,1,1,2,1,2,3,6,0.293514,0.312147,0.0,0.003555,0.003539,,0,506,1,1,0.0,0.02022,0
3279,0,,1,1,2,1,2,3,6,0.293514,0.312147,0.0,0.003555,0.003539,,0,506,1,1,0.0,0.02022,0
3070,0,,1,1,2,1,2,3,6,0.293514,0.312147,0.0,0.003555,0.003539,,0,506,1,1,0.0,0.02022,0
2942,0,,1,1,2,1,2,3,6,0.293514,0.312147,0.0,0.003555,0.003539,,0,506,1,1,0.0,0.02022,0
2876,0,,1,1,2,1,2,3,6,0.293514,0.312147,0.0,0.003555,0.003539,,0,506,1,1,0.0,0.02022,0
2845,0,,1,1,2,1,2,3,6,0.293514,0.312147,0.0,0.003555,0.003539,,0,506,1,1,0.0,0.02022,0
2808,0,,1,1,2,1,2,3,6,0.293514,0.312147,0.0,0.003555,0.003539,,0,506,1,1,0.0,0.02022,0
2754,0,,1,1,2,1,2,3,6,0.293514,0.312147,0.0,0.003555,0.003539,,0,506,1,1,0.0,0.02022,0
2586,0,,1,1,2,1,2,3,6,0.293514,0.312147,0.0,0.003555,0.003539,,0,506,1,1,0.0,0.02022,0
3274,0,,1,2,3,1,2,3,6,0.297759,0.316418,0.0,0.000611,0.004221,,0,506,1,1,1.0,0.00367,0
3156,0,,1,2,3,1,2,3,6,0.306027,0.324584,3e-06,0.003555,0.005439,,0,506,13,1,0.0,0.02022,0
3088,0,,1,2,3,1,2,3,6,0.29356,0.312325,0.000228,0.003555,0.003541,,0,506,1,1,0.0,0.02022,0
2892,0,,1,2,3,1,2,3,6,0.298709,0.317854,0.0,0.003555,0.004035,,0,506,1,1,1.0,0.02022,1
2631,0,,1,2,3,1,2,3,6,0.303033,0.314403,2e-06,0.000471,0.004487,,0,506,2,102,0.0,0.00226,0
3221,0,,1,1,2,1,2,3,7,0.278525,0.292764,0.0,0.003818,0.004185,,0,506,13,38,0.0,0.021747,0
3105,0,,1,1,2,1,2,3,7,0.278525,0.292764,0.0,0.003818,0.004185,,0,506,13,38,0.0,0.021747,1
3043,0,,1,2,3,1,2,3,7,0.291142,0.306385,1e-06,0.002614,0.006598,,0,506,7,38,0.0,0.013068,0
3356,0,,1,1,2,1,2,3,6,0.285834,0.298661,0.0,0.002602,0.002461,,0,506,2,18,0.0,0.014116,0
2492,0,,1,1,2,1,2,3,6,0.285834,0.298661,0.0,0.002602,0.002461,,0,506,2,18,0.0,0.014116,1
3307,0,,1,1,2,1,2,3,7,0.276185,0.288789,0.0,0.002995,0.003037,,0,506,13,67,0.0,0.015551,0
3222,0,,1,1,2,1,2,3,6,0.273964,0.285775,0.0,0.002881,0.002899,,0,506,13,77,0.0,0.015207,0
3158,0,,1,1,2,1,2,3,6,0.273964,0.285775,0.0,0.002881,0.002899,,0,506,13,77,0.0,0.015207,0
3112,0,,1,2,3,1,2,3,6,0.274868,0.286829,0.0,0.002881,0.003181,,0,506,13,77,0.5,0.015207,0
2981,0,,1,1,2,1,2,3,7,0.279148,0.292463,0.0,0.003716,0.003646,,0,506,15,37,0.0,0.019042,0
2922,0,,1,1,2,1,2,3,7,0.279148,0.292463,0.0,0.003716,0.003646,,0,506,15,37,0.0,0.019042,0
3145,0,,1,2,3,1,2,3,7,0.285595,0.29998,0.0,0.003716,0.005546,,0,506,13,37,1.0,0.019042,0
3019,0,,1,2,3,1,2,3,6,0.28337,0.297229,0.0,0.003716,0.004843,,0,506,15,37,1.0,0.019042,0
3159,0,,1,1,2,1,2,3,6,0.281032,0.295201,0.0,0.003621,0.002936,,0,506,13,44,0.0,0.01547,0
3131,0,,1,1,2,1,2,3,6,0.281032,0.295201,0.0,0.003621,0.002936,,0,506,13,44,0.0,0.01547,0
3116,0,,1,1,2,1,2,3,6,0.281032,0.295201,0.0,0.003621,0.002936,,0,506,13,44,0.0,0.01547,0
2921,0,,1,1,2,1,2,3,6,0.281032,0.295201,0.0,0.003621,0.002936,,0,506,13,44,0.0,0.01547,1
3028,0,,1,1,2,1,2,3,6,0.281032,0.295201,0.0,0.003621,0.002936,,0,506,13,44,0.0,0.01547,1
2821,0,,3,2,5,1,2,3,7,0.280927,0.291698,6e-06,0.006224,0.002481,,0,506,11,100,0.0,0.028828,0
2479,0,,1,2,3,1,2,3,7,0.282985,0.29505,0.0,0.002696,0.004331,,0,506,11,23,0.5,0.015861,0
3120,0,,1,2,3,1,2,3,7,0.284662,0.297636,0.0,0.002701,0.002705,,0,506,14,16,0.5,0.011728,0
3286,0,,3,1,4,1,2,3,7,0.256223,0.265523,0.0,0.004807,0.000772,,0,506,3,16,0.666667,0.019907,0
2803,0,,1,1,2,1,2,3,7,0.263725,0.273972,0.0,0.000805,0.000783,,0,506,1,4,0.0,0.004719,0
3364,0,,1,1,2,1,2,3,7,0.275272,0.286138,0.0,0.002806,0.002728,,0,506,13,59,0.0,0.013662,1
2443,0,,1,2,3,1,2,3,6,0.28192,0.293924,9e-06,0.000458,0.002988,,0,506,2,20,0.0,0.003168,0
3166,0,,1,2,3,1,2,3,7,0.266614,0.277497,0.0,0.000916,0.002819,,0,506,2,43,1.0,0.004843,0
2878,0,,1,1,2,1,2,3,7,0.282579,0.29402,0.0,0.002788,0.002482,,0,506,13,82,0.0,0.012786,0
2932,0,,1,2,3,1,2,3,7,0.291074,0.303583,1e-06,0.002788,0.004572,,0,506,11,84,0.0,0.012786,1
2561,0,,1,2,3,1,2,3,7,0.263224,0.272843,2e-06,0.000263,0.001688,,0,506,2,102,0.0,0.002089,0
3368,0,,1,1,2,1,2,3,7,0.264022,0.27474,0.0,0.002112,0.002179,,0,506,13,27,0.0,0.011023,0
2914,0,,1,1,2,1,2,3,7,0.269646,0.279978,0.0,0.001199,0.000958,,0,506,1,5,0.0,0.005341,0
2906,0,,1,1,2,1,2,3,7,0.269646,0.279978,0.0,0.001199,0.000958,,0,506,1,5,0.0,0.005341,0
2577,0,,1,2,3,1,2,3,7,0.269996,0.280525,6e-06,0.001199,0.001007,,0,506,11,5,0.0,0.005341,0
2979,0,,1,2,3,1,2,3,7,0.23941,0.246128,0.0,0.000217,0.002234,,0,506,14,74,0.0,0.001197,0
2579,0,,1,2,3,1,2,3,7,0.282878,0.293411,2e-06,0.000194,0.002704,,0,506,14,3,0.0,0.001176,0
3102,0,,1,2,3,1,2,3,8,0.234056,0.243194,0.0,0.00025,0.000341,,0,506,12,74,0.5,0.001664,0
3406,0,,1,1,2,1,2,3,7,0.240162,0.247967,0.0,0.000445,0.000682,,0,506,3,16,0.0,0.003162,0
2851,0,,1,1,2,1,2,3,7,0.258753,0.267195,0.0,0.001201,0.001261,,0,506,14,103,0.0,0.006528,-1
2969,0,,1,1,2,1,2,3,7,0.248508,0.257384,0.0,0.000302,0.000301,,0,506,1,70,0.0,0.001778,0
2761,0,,1,1,2,1,2,3,7,0.265669,0.275209,0.0,0.00095,0.000971,,0,506,13,11,0.0,0.005418,0
2723,0,,1,1,2,1,2,3,7,0.256188,0.264659,0.0,0.00077,0.00059,,0,506,8,58,0.0,0.003495,0
2675,0,,1,2,3,1,2,3,7,0.256275,0.264926,0.0001,0.00077,0.000591,,0,506,8,93,0.0,0.003495,1
2925,0,,1,2,3,1,2,3,8,0.238891,0.246142,1e-06,0.000287,0.000758,,0,506,11,86,0.0,0.002894,0
3331,0,,1,2,3,1,2,3,7,0.26291,0.272459,0.0,0.000817,0.001687,,0,506,13,45,0.5,0.004502,0
2481,0,,1,2,3,1,2,3,7,0.250736,0.259642,1e-06,0.000356,0.000704,,0,506,6,52,0.0,0.002635,0
3415,0,,1,1,2,1,2,3,7,0.274064,0.284984,0.0,0.002747,0.002283,,0,506,8,7,0.0,0.011404,1
2610,0,,1,1,2,1,2,3,7,0.251325,0.258759,0.0,0.000656,0.000553,,0,506,2,11,0.0,0.003173,-1
3220,0,,1,1,2,1,2,3,7,0.260208,0.270431,0.0,0.001024,0.001016,,0,506,13,22,0.0,0.00553,0
3213,0,,1,1,2,1,2,3,7,0.260208,0.270431,0.0,0.001024,0.001016,,0,506,13,22,0.0,0.00553,0
2933,0,,1,1,2,1,2,3,7,0.267605,0.277421,0.0,0.001004,0.001076,,0,506,1,83,0.0,0.006005,0
2931,0,,1,1,2,1,2,3,7,0.267605,0.277421,0.0,0.001004,0.001076,,0,506,1,83,0.0,0.006005,0
3267,0,,1,2,3,1,2,3,7,0.257384,0.266232,1e-06,0.001054,0.001094,,0,506,11,27,0.0,0.005195,0
2507,0,,1,1,2,1,2,3,7,0.241353,0.248699,0.0,0.000247,0.00031,,0,506,2,17,0.0,0.001877,0
2568,0,,1,1,2,1,2,3,7,0.257172,0.264706,0.0,0.000799,0.000864,,0,506,8,85,0.0,0.00451,0
3389,0,,1,1,2,1,2,3,7,0.240331,0.247991,0.0,0.000663,0.000614,,0,506,13,34,0.0,0.002892,0
3094,0,,1,1,2,1,2,3,7,0.238207,0.245419,0.0,0.00044,0.000405,,0,506,14,50,0.0,0.00215,0
3115,0,,1,1,2,1,2,3,7,0.221742,0.22693,0.0,6.8e-05,0.000151,,0,506,2,43,0.0,0.000901,0
3277,0,,1,1,2,1,2,3,7,0.235972,0.245124,0.0,0.00015,0.000152,,0,506,1,5,0.0,0.000997,0
2971,0,,1,2,3,1,2,3,7,0.236002,0.245302,0.000228,0.00015,0.000152,,0,506,1,5,0.0,0.000997,0
3117,0,,1,1,2,1,2,3,7,0.282047,0.29511,0.0,0.003861,0.003726,,0,506,7,6,0.0,0.019688,1
2963,0,,1,1,2,1,2,3,7,0.282047,0.29511,0.0,0.003861,0.003726,,0,506,7,6,0.0,0.019688,0
2924,0,,1,1,2,1,2,3,7,0.282047,0.29511,0.0,0.003861,0.003726,,0,506,7,6,0.0,0.019688,0
3114,0,,1,1,2,1,2,3,7,0.256223,0.265523,0.0,0.000655,0.000772,,0,506,3,16,0.0,0.003883,1
2790,0,,1,2,3,1,2,3,7,0.256451,0.265518,0.000228,0.000581,0.000678,,0,506,1,63,0.0,0.003768,0
3190,0,,1,1,2,1,2,3,7,0.227546,0.233476,0.0,0.000115,0.000158,,0,506,3,90,0.0,0.000619,1
2661,0,,1,1,2,1,2,3,7,0.23569,0.241655,0.0,0.000173,0.000202,,0,506,2,17,0.0,0.001247,-1
3325,0,,1,1,2,1,2,3,7,0.240825,0.248081,0.0,0.000444,0.000463,,0,506,3,10,0.0,0.002448,0
3007,0,,1,2,3,1,2,3,7,0.25087,0.258285,0.0,0.000634,0.000732,,0,506,7,50,0.0,0.002582,1
2617,0,,1,1,2,1,2,3,8,0.183093,0.186494,0.0,2e-06,1e-06,,0,506,6,52,0.0,7.4e-05,0
2616,0,,1,1,2,1,2,3,8,0.183093,0.186494,0.0,2e-06,1e-06,,0,506,6,52,0.0,7.4e-05,0
2599,0,,1,2,3,1,2,3,8,0.212162,0.217152,1e-06,3.1e-05,3e-06,,0,506,6,89,0.0,5.8e-05,0
2555,0,,1,2,3,1,2,3,8,0.19795,0.202134,0.000102,8e-06,3.8e-05,,0,506,2,93,0.0,0.000235,0
2538,0,,1,1,2,1,2,3,7,0.239318,0.245211,0.0,0.000287,0.000268,,0,506,15,0,0.0,0.001539,0
2901,0,,1,1,2,1,2,3,7,0.238011,0.24663,0.0,0.000188,0.00015,,0,506,1,52,0.0,0.000916,0
2569,0,,1,1,2,1,2,3,8,0.219894,0.225227,0.0,6e-05,5.3e-05,,0,506,8,102,0.0,0.000382,0
2554,0,,1,1,2,1,2,3,7,0.22575,0.231141,0.0,7.4e-05,6.8e-05,,0,506,2,79,0.0,0.000475,0
3207,0,,1,1,2,1,2,3,8,0.2006,0.20528,0.0,1.4e-05,1.3e-05,,0,506,13,17,0.0,0.000109,1
3188,0,,1,1,2,1,2,3,7,0.224923,0.231897,0.0,0.00023,0.000215,,0,506,15,15,0.0,0.001222,0
2573,0,,1,1,2,1,2,3,10,0.146861,0.148962,0.0,0.0,0.0,,0,506,97,70,0.0,4.6e-05,0
3168,0,,1,1,2,1,2,3,7,0.233211,0.239996,0.0,0.000204,0.000194,,0,506,13,96,0.0,0.001102,0
3315,0,,1,2,3,1,2,3,8,0.216652,0.222911,0.0,3e-06,7.7e-05,,0,506,14,74,1.0,5.3e-05,0
2504,0,,1,1,2,1,2,3,7,0.242477,0.250275,0.0,0.000183,0.000176,,0,506,8,1,0.0,0.001066,0
2662,0,,1,2,3,1,2,3,7,0.248508,0.257867,0.000242,0.0,0.000675,,0,506,6,89,0.0,3.7e-05,0
2666,0,,1,1,2,1,2,3,10,0.152777,0.154722,0.0,0.0,0.0,,0,506,8,102,0.0,3.1e-05,0
2692,0,,1,1,2,1,2,3,8,0.203974,0.208167,0.0,1.4e-05,1.8e-05,,0,506,8,58,0.0,0.000119,0
2897,0,,1,1,2,1,2,3,8,0.209834,0.214408,0.0,5.4e-05,3.9e-05,,0,506,13,92,0.0,0.000295,0
3299,0,,1,2,3,1,2,3,9,0.185688,0.189111,0.000228,4e-06,4e-06,,0,506,13,34,0.0,5e-05,0
3138,0,,1,1,2,1,2,3,7,0.256626,0.266321,0.0,0.001166,0.001233,,0,506,13,40,0.0,0.006452,0
2181,0,,2,1,3,2,1,3,6,0.293514,0.312147,4e-06,0.004251,0.003539,,0,506,14,1,0.0,0.024067,1
2166,0,,2,1,3,2,1,3,6,0.293514,0.312147,1.5e-05,0.004025,0.003539,,0,506,14,1,0.0,0.022455,0
2402,0,,2,1,3,2,1,3,7,0.260371,0.269325,0.0,0.004433,0.000741,,0,506,13,1,1.0,0.023954,1
2383,0,,2,1,3,2,1,3,7,0.235972,0.245124,0.0,0.003705,0.000152,,0,506,1,1,1.0,0.021217,0
2375,0,,2,1,3,2,1,3,7,0.246125,0.253745,1e-05,0.004269,0.000743,,0,506,13,1,0.0,0.024145,1
2351,0,,2,1,3,2,1,3,7,0.241182,0.24977,0.0,0.003754,0.000192,,0,506,1,1,1.0,0.021387,1
2338,0,,2,1,3,2,1,3,7,0.261334,0.271207,4e-06,0.005312,0.001551,,0,506,13,1,0.0,0.028335,1
2198,0,,2,1,3,2,1,3,7,0.258058,0.267266,1.3e-05,0.004794,0.001385,,0,506,7,1,0.0,0.027844,1
2185,0,,2,1,3,2,1,3,7,0.258058,0.267266,1.3e-05,0.004794,0.001385,,0,506,7,1,0.0,0.027844,0
2144,0,,2,1,3,2,1,3,7,0.265877,0.275817,8e-06,0.005199,0.001922,,0,506,11,1,0.0,0.030735,0
2136,0,,2,1,3,2,1,3,7,0.265877,0.275817,8e-06,0.005199,0.001922,,0,506,11,1,0.0,0.030735,0
2119,0,,2,1,3,2,1,3,6,0.290218,0.301428,0.0,0.006956,0.002485,,0,506,8,1,1.0,0.033539,1
1929,0,,2,1,3,2,1,3,2,0.666667,0.75,0.000456,0.00379,0.0,,0,402,8,13,0.0,0.02117,0
2306,0,,1,1,2,2,1,3,7,0.278525,0.292764,0.0,0.003818,0.004185,,0,506,13,38,0.0,0.021747,0
2295,0,,1,1,2,2,1,3,7,0.278525,0.292764,0.0,0.003818,0.004185,,0,506,13,38,0.0,0.021747,0
2290,0,,2,1,3,2,1,3,7,0.278525,0.292764,0.0,0.005037,0.004185,,0,506,12,74,1.0,0.030814,1
2360,0,,2,1,3,2,1,3,8,0.20265,0.207727,1.9e-05,0.003007,1.4e-05,,0,506,13,74,0.0,0.015656,1
2384,0,,2,1,3,2,1,3,6,0.273964,0.285775,0.0,0.006502,0.002899,,0,506,13,44,1.0,0.030677,0
2344,0,,2,1,3,2,1,3,7,0.249983,0.259589,0.0,0.004222,0.00064,,0,506,13,44,0.0,0.018686,0
2180,0,,2,1,3,2,1,3,7,0.262285,0.272172,1e-06,0.006255,0.001363,,0,506,7,98,0.0,0.031349,0
2243,0,,1,1,2,2,1,3,7,0.263558,0.275277,0.0,0.001218,0.001789,,0,506,12,74,0.0,0.009067,0
2266,0,,2,1,3,2,1,3,7,0.263558,0.275277,3.2e-05,0.001648,0.001789,,0,506,14,74,0.0,0.011731,1
2355,0,,2,1,3,2,1,3,7,0.254759,0.264419,0.0,0.001655,0.000416,,0,506,12,74,1.0,0.011663,0
2279,0,,2,1,3,2,1,3,8,0.234027,0.243016,0.0,0.001468,0.000259,,0,506,12,74,1.0,0.010731,0
2138,0,,2,1,3,2,1,3,7,0.265877,0.275817,1e-06,0.002087,0.001922,,0,506,11,63,0.0,0.011887,0
1910,0,,2,1,3,2,1,3,7,0.26728,0.278016,1e-06,0.001601,0.001507,,0,506,2,68,0.0,0.010447,1
2077,0,,2,1,3,2,1,3,8,0.214163,0.219429,6e-06,0.001535,6.3e-05,,0,506,11,93,0.0,0.009014,1
2159,0,,2,1,3,2,1,3,6,0.290218,0.301428,2e-06,0.004728,0.002485,,0,506,11,85,0.0,0.020344,0
2255,0,,2,1,3,2,1,3,7,0.251696,0.259694,0.0,0.003989,0.00055,,0,506,8,79,1.0,0.016164,1
1919,0,,2,1,3,2,1,3,6,0.277597,0.287577,0.0,0.002317,0.00184,,0,506,8,20,1.0,0.013265,0
2365,0,,1,1,2,2,1,3,7,0.268141,0.278425,0.0,0.002238,0.002394,,0,506,13,60,0.0,0.012015,1
2132,0,,2,1,3,2,1,3,7,0.261772,0.27082,0.0,0.003441,0.001196,,0,506,13,42,0.0,0.018218,1
2162,0,,1,1,2,2,1,3,7,0.269646,0.279978,0.0,0.001199,0.000958,,0,506,1,5,0.0,0.005341,0
2140,0,,2,1,3,2,1,3,6,0.277597,0.287577,1e-06,0.003442,0.00184,,0,506,8,60,0.0,0.018394,0
2314,0,,2,1,3,2,1,3,7,0.262083,0.271064,0.0,0.003315,0.001347,,0,506,8,60,0.0,0.017065,0
2303,0,,1,1,2,2,1,3,8,0.234027,0.243016,0.0,0.00025,0.000259,,0,506,12,74,0.0,0.001664,0
2182,0,,2,1,3,2,1,3,8,0.217988,0.224437,9e-06,0.000555,9.1e-05,,0,506,2,50,0.0,0.004128,0
2151,0,,2,1,3,2,1,3,7,0.27109,0.281199,7e-06,0.002111,0.00209,,0,506,11,5,0.0,0.011082,0
2195,0,,1,1,2,2,1,3,7,0.262285,0.272172,0.0,0.00152,0.001363,,0,506,7,98,0.0,0.007304,0
1959,0,,2,1,3,2,1,3,7,0.241976,0.24909,2e-06,0.001281,0.000181,,0,506,2,91,0.0,0.006314,0
2137,0,,1,1,2,2,1,3,7,0.259164,0.26919,0.0,0.000522,0.000496,,0,506,1,4,0.0,0.003016,0
2107,0,,1,1,2,2,1,3,7,0.259164,0.26919,0.0,0.000522,0.000496,,0,506,1,4,0.0,0.003016,0
2366,0,,1,1,2,2,1,3,7,0.238389,0.246353,0.0,0.000249,0.000245,,0,506,12,74,0.0,0.001403,0
2183,0,,2,1,3,2,1,3,7,0.258058,0.267266,0.0,0.002281,0.001385,,0,506,7,98,1.0,0.013381,0
2121,0,,2,1,3,2,1,3,7,0.243059,0.250451,0.0,0.001355,0.000592,,0,506,14,98,1.0,0.009251,0
1941,0,,2,1,3,2,1,3,7,0.252103,0.260872,2e-06,0.001005,0.000383,,0,506,6,50,0.0,0.004891,0
2051,0,,1,1,2,2,1,3,7,0.252136,0.260065,0.0,0.000931,0.001035,,0,506,14,48,0.0,0.005605,1
2080,0,,1,1,2,2,1,3,7,0.267643,0.277989,0.0,0.00132,0.001291,,0,506,3,31,0.0,0.006577,0
2033,0,,1,1,2,2,1,3,7,0.260806,0.269879,1e-06,0.000138,0.000866,,0,506,6,4,0.0,0.001371,1
2096,0,,2,1,3,2,1,3,7,0.234745,0.241123,3e-06,0.00093,0.000135,,0,506,14,63,0.0,0.005788,0
2412,0,,2,1,3,2,1,3,7,0.267375,0.277378,3e-06,0.001237,0.001005,,0,506,13,24,0.0,0.00536,0
2415,0,,2,1,3,2,1,3,7,0.246254,0.254352,0.000262,0.000359,0.000472,,0,506,3,16,0.333333,0.001398,0
2216,0,,2,1,3,2,1,3,7,0.262726,0.271613,1e-06,0.001378,0.001341,,0,506,14,80,0.5,0.007969,0
2094,0,,2,1,3,2,1,3,7,0.253364,0.260919,0.0,0.000937,0.00073,,0,506,11,26,0.0,0.005616,1
2318,0,,2,3,5,2,1,3,7,0.272015,0.281423,1.5e-05,0.000892,0.001897,,0,506,8,85,0.0,0.004754,0
2156,0,,1,1,2,2,1,3,7,0.271857,0.28161,0.0,0.001439,0.001344,,0,506,11,83,0.0,0.007091,0
1964,0,,2,1,3,2,1,3,7,0.23569,0.241655,0.0,0.000415,0.000202,,0,506,2,17,1.0,0.002614,0
2191,0,,2,1,3,2,1,3,8,0.219624,0.225094,0.0,0.000442,0.000223,,0,506,11,88,1.0,0.003979,0
2187,0,,1,1,2,2,1,3,7,0.25309,0.260596,0.0,0.000734,0.000616,,0,506,14,72,0.0,0.003159,0
1997,0,,2,1,3,2,1,3,7,0.232993,0.240056,1e-06,0.000603,0.000154,,0,506,6,26,0.0,0.003538,1
2347,0,,1,1,2,2,1,3,7,0.253347,0.262461,0.0,0.00097,0.001137,,0,506,14,56,0.0,0.00545,0
2013,0,,2,1,3,2,1,3,8,0.215061,0.220348,3e-06,8e-05,6.4e-05,,0,506,2,52,0.0,0.000674,0
2054,0,,2,1,3,2,1,3,7,0.235128,0.240545,0.0,0.000753,0.000131,,0,506,2,2,0.0,0.003697,0
1924,0,,2,1,3,2,1,3,8,0.216803,0.221899,7e-06,0.000526,3.9e-05,,0,506,8,58,0.0,0.002503,0
1927,0,,2,1,3,2,1,3,7,0.231768,0.238891,0.0,0.000251,0.000141,,0,506,2,71,0.0,0.001558,0
1980,0,,1,1,2,2,1,3,7,0.236374,0.241828,0.0,0.000156,6.4e-05,,0,506,11,89,0.0,0.00037,0
2345,0,,1,1,2,2,1,3,7,0.240532,0.247309,0.0,0.000355,0.000277,,0,506,13,53,0.0,0.001664,0
2316,0,,1,1,2,2,1,3,7,0.2341,0.242429,0.0,0.000115,0.000119,,0,506,6,2,0.0,0.000762,0
2027,0,,2,1,3,2,1,3,7,0.22425,0.229972,1e-06,0.000311,0.000117,,0,506,1,4,0.0,0.001681,0
2343,0,,1,1,2,2,1,3,7,0.240872,0.248624,0.0,0.000356,0.000382,,0,506,13,11,0.0,0.002005,0
2050,0,,2,1,3,2,1,3,8,0.202486,0.207371,8e-06,9.7e-05,9e-06,,0,506,6,89,0.0,0.000584,0
2339,0,,1,1,2,2,1,3,7,0.233633,0.241975,0.0,0.000131,0.000133,,0,506,13,30,0.0,0.000803,0
2218,0,,2,1,3,2,1,3,8,0.225859,0.232196,0.0,0.000363,0.000143,,0,506,2,53,0.0,0.005759,0
1954,0,,2,1,3,2,1,3,8,0.202333,0.207881,0.0,6.4e-05,9.3e-05,,0,506,12,74,0.0,0.001068,1
2158,0,,1,1,2,2,1,3,8,0.193463,0.197586,0.0,1.6e-05,1.1e-05,,0,506,14,40,0.0,9.3e-05,1
2020,0,,1,1,2,2,1,3,8,0.20031,0.204064,0.0,1.2e-05,1.1e-05,,0,506,1,83,0.0,0.000104,1
2095,0,,1,1,2,2,1,3,9,0.190068,0.193737,0.0,4e-06,3e-06,,0,506,6,57,0.0,6.6e-05,0
2063,0,,1,1,2,2,1,3,9,0.190068,0.193737,0.0,4e-06,3e-06,,0,506,6,57,0.0,6.6e-05,0
2085,0,,1,1,2,2,1,3,8,0.225696,0.230827,0.0,0.000101,9.7e-05,,0,506,8,89,0.0,0.000561,0
2349,0,,1,1,2,2,1,3,8,0.224156,0.230825,0.0,0.000117,0.000109,,0,506,13,12,0.0,0.000657,0
2084,0,,2,1,3,2,1,3,8,0.197231,0.201182,1e-06,2.8e-05,8e-06,,0,506,8,93,0.0,0.000237,0
2205,0,,1,1,2,2,1,3,7,0.261772,0.27082,0.0,0.001203,0.001196,,0,506,15,42,0.0,0.006203,0
2222,0,,1,1,2,2,1,3,7,0.243755,0.251237,0.0,0.000429,0.000764,,0,506,7,42,0.0,0.003865,-1
1824,0,,1,0,1,3,0,3,0,0.0,0.0,0.0,0.003818,0.0,,0,343,13,38,0.0,0.021747,0
1634,0,,2,0,2,3,0,3,0,0.0,0.0,0.0,0.003713,0.0,,0,350,2,18,1.0,0.019884,0
1896,0,,2,0,2,3,0,3,0,0.0,0.0,0.0,0.004174,0.0,,0,226,13,16,0.0,0.017662,1
1725,0,,1,0,1,3,0,3,0,0.0,0.0,0.0,0.002696,0.0,,0,428,11,23,0.0,0.015861,0
1748,0,,2,0,2,3,0,3,0,0.0,0.0,0.0,0.005778,0.0,,0,406,1,98,1.0,0.029802,0
1905,0,,3,0,3,3,0,3,0,0.0,0.0,0.0,0.004303,0.0,,0,187,3,16,0.666667,0.016865,0
1904,0,,3,0,3,3,0,3,0,0.0,0.0,0.0,0.003512,0.0,,0,116,3,16,0.666667,0.015565,1
1903,0,,2,0,2,3,0,3,0,0.0,0.0,0.0,0.003254,0.0,,0,250,3,16,1.0,0.01392,1
1891,0,,3,0,3,3,0,3,0,0.0,0.0,0.0,0.00346,0.0,,0,137,3,16,1.0,0.015337,0
1744,0,,3,0,3,3,0,3,0,0.0,0.0,0.0,0.004772,0.0,,0,86,13,11,0.333333,0.020281,0
1899,0,,1,0,1,3,0,3,0,0.0,0.0,0.0,0.00241,0.0,,0,368,13,8,0.0,0.012016,0
1874,0,,2,0,2,3,0,3,0,0.0,0.0,0.0,0.004776,0.0,,0,304,13,69,0.0,0.02261,-1
1756,0,,1,0,1,3,0,3,0,0.0,0.0,0.0,0.000451,0.0,,0,366,2,66,0.0,0.003502,1
1751,0,,2,0,2,3,0,3,0,0.0,0.0,0.0,0.000588,0.0,,0,365,11,10,0.0,0.004246,0
1763,0,,1,0,1,3,0,3,0,0.0,0.0,0.0,0.000282,0.0,,0,174,14,72,0.0,0.002659,0
1646,0,,4,0,4,3,0,3,0,0.0,0.0,0.0,0.002257,0.0,,0,12,15,63,0.0,0.013381,0
1829,0,,1,0,1,3,0,3,0,0.0,0.0,0.0,0.003018,0.0,,0,307,13,69,0.0,0.014495,0
1683,0,,2,5,7,3,0,3,7,0.276552,0.287548,0.000187,0.000665,0.001576,,0,506,6,12,0.05,0.003471,0
1609,0,,1,0,1,3,0,3,0,0.0,0.0,0.0,0.000367,0.0,,0,317,2,20,0.0,0.000963,0
1608,0,,1,0,1,3,0,3,0,0.0,0.0,0.0,0.000367,0.0,,0,316,2,20,0.0,0.000963,1
1682,0,,1,0,1,3,0,3,0,0.0,0.0,0.0,0.000173,0.0,,0,181,6,17,0.0,0.001061,1
1604,0,,1,0,1,3,0,3,0,0.0,0.0,0.0,0.001078,0.0,,0,293,8,53,0.0,0.00324,0
1858,0,,1,0,1,3,0,3,0,0.0,0.0,0.0,0.000374,0.0,,0,188,3,90,0.0,0.001353,0
1707,0,,1,0,1,3,0,3,0,0.0,0.0,0.0,0.000671,0.0,,0,189,11,90,0.0,0.002146,1
1637,0,,1,0,1,3,0,3,0,0.0,0.0,0.0,0.000102,0.0,,0,91,2,20,0.0,0.000622,0
1898,0,,1,0,1,3,0,3,0,0.0,0.0,0.0,0.000125,0.0,,0,122,15,2,0.0,0.000539,0
1679,0,,2,0,2,3,0,3,0,0.0,0.0,0.0,0.000146,0.0,,0,227,2,91,0.0,0.000886,0
1747,0,,1,0,1,3,0,3,0,0.0,0.0,0.0,0.000226,0.0,,0,114,7,40,0.0,0.000988,0
1643,0,,1,0,1,3,0,3,0,0.0,0.0,0.0,0.000183,0.0,,0,401,8,1,0.0,0.001066,0
1723,0,,1,0,1,3,0,3,0,0.0,0.0,0.0,0.001485,0.0,,0,425,11,97,0.0,0.00942,-1
1292,0,,7,3,10,5,-2,3,6,0.27894,0.289294,1.6e-05,0.010746,0.002757,,0,506,2,102,0.339286,0.057125,0
6257,0,,0,1,1,0,4,4,7,0.279368,0.290962,0.0,0.0,0.003463,,0,512,13,14,0.0,0.0,0
3245,0,,1,1,2,1,3,4,6,0.293514,0.312147,0.0,0.003555,0.003539,,0,506,1,1,0.0,0.02022,0
2966,0,,1,1,2,1,3,4,6,0.293514,0.312147,0.0,0.003555,0.003539,,0,506,1,1,0.0,0.02022,1
3001,0,,1,2,3,1,3,4,6,0.294067,0.312984,1.6e-05,0.000123,0.003715,,0,506,1,1,0.0,0.000911,0
2472,0,,1,2,3,1,3,4,6,0.295691,0.314687,0.000137,0.000174,0.003694,,0,506,1,26,0.0,0.001087,1
2853,0,,1,3,4,1,3,4,6,0.300553,0.320447,0.0,0.001199,0.005831,,0,506,1,5,0.666667,0.005341,0
3260,0,,1,1,2,1,3,4,7,0.278525,0.292764,0.0,0.003818,0.004185,,0,506,13,38,0.0,0.021747,1
3198,0,,1,1,2,1,3,4,7,0.278525,0.292764,0.0,0.003818,0.004185,,0,506,13,38,0.0,0.021747,0
3200,0,,1,1,2,1,3,4,7,0.278525,0.292764,0.0,0.003818,0.004185,,0,506,13,38,0.0,0.021747,0
3154,0,,1,1,2,1,3,4,7,0.278525,0.292764,0.0,0.003818,0.004185,,0,506,13,38,0.0,0.021747,0
3018,0,,1,1,2,1,3,4,6,0.281032,0.295201,0.0,0.003621,0.002936,,0,506,13,44,0.0,0.01547,0
2819,0,,1,1,2,1,3,4,7,0.280674,0.29215,0.0,0.002696,0.002997,,0,506,11,23,0.0,0.015861,1
2777,0,,1,1,2,1,3,4,7,0.280674,0.29215,0.0,0.002696,0.002997,,0,506,11,23,0.0,0.015861,0
2727,0,,1,2,3,1,3,4,7,0.282985,0.29505,0.0,0.002696,0.004331,,0,506,11,23,0.5,0.015861,0
2802,0,,1,2,3,1,3,4,7,0.303425,0.315824,0.0,0.002087,0.006754,,0,506,14,84,1.0,0.010925,0
3075,0,,1,1,2,1,3,4,7,0.263558,0.275277,0.0,0.001218,0.001789,,0,506,12,74,0.0,0.009067,0
3447,0,,1,1,2,1,3,4,7,0.284359,0.297245,0.0,0.002701,0.002337,,0,506,3,16,0.0,0.011728,0
2972,0,,1,2,3,1,3,4,7,0.281687,0.293173,0.0,0.002968,0.004027,,0,506,14,55,0.5,0.010484,0
3178,0,,1,3,4,1,3,4,8,0.234202,0.243532,3e-06,0.00025,0.000344,,0,506,12,74,0.0,0.001664,0
2768,0,,1,2,3,1,3,4,7,0.276552,0.286743,0.0,0.000689,0.001666,,0,506,13,11,1.0,0.003486,1
2857,0,,1,3,4,1,3,4,7,0.271936,0.282689,4e-06,0.000348,0.003234,,0,506,2,9,0.0,0.002716,1
3383,0,,3,1,4,1,3,4,7,0.246238,0.254308,0.0,0.001676,0.000472,,0,506,3,16,0.333333,0.004918,1
2527,0,,1,2,3,1,3,4,7,0.258236,0.266465,0.0,0.000755,0.000827,,0,506,11,71,0.0,0.003836,1
2609,0,,1,1,2,1,3,4,7,0.246303,0.253335,0.0,0.000432,0.000451,,0,506,2,34,0.0,0.002575,0
2506,0,,1,2,3,1,3,4,7,0.242242,0.249557,5e-06,0.000234,0.000187,,0,506,8,91,0.0,0.001083,0
2475,0,,1,1,2,1,3,4,7,0.243533,0.2505,0.0,0.000286,0.000268,,0,506,12,71,0.0,0.00156,1
3021,0,,1,1,2,1,3,4,8,0.219946,0.225309,0.0,5.2e-05,7.1e-05,,0,506,14,93,0.0,0.000349,0
2543,0,,1,1,2,1,3,4,8,0.198013,0.202072,0.0,1.2e-05,1.3e-05,,0,506,6,12,0.0,0.000106,0
3271,0,,1,1,2,1,3,4,1,1.0,1.0,0.0,0.0,0.0,,2,533,110,99,0.0,2.8e-05,0
2113,0,,1,1,2,2,2,4,6,0.293514,0.312147,0.0,0.003555,0.003539,,0,506,1,1,0.0,0.02022,1
2260,0,,1,1,2,2,2,4,6,0.293514,0.312147,0.0,0.003555,0.003539,,0,506,1,1,0.0,0.02022,0
2427,0,,2,2,4,2,2,4,6,0.29356,0.312325,2.9e-05,0.003637,0.003613,,0,506,1,1,0.0,0.020602,0
2305,0,,2,2,4,2,2,4,6,0.308547,0.327048,2.6e-05,0.005414,0.005379,,0,506,8,1,0.0,0.030317,0
2352,0,,2,2,4,2,2,4,6,0.311782,0.331047,4.3e-05,0.006436,0.006438,,0,506,13,1,0.0,0.035427,1
2324,0,,2,2,4,2,2,4,6,0.300867,0.319527,3e-05,0.004226,0.004175,,0,506,13,1,0.0,0.023621,1
2315,0,,2,2,4,2,2,4,6,0.315006,0.33533,3.8e-05,0.007373,0.007724,,0,506,13,1,0.0,0.041967,0
2281,0,,2,2,4,2,2,4,6,0.295063,0.313882,1.1e-05,0.003822,0.00393,,0,506,6,1,0.5,0.022488,0
2276,0,,2,2,4,2,2,4,6,0.302617,0.320745,0.0,0.004359,0.004238,,0,506,13,1,1.0,0.023966,0
2235,0,,2,2,4,2,2,4,6,0.295295,0.314002,3.6e-05,0.003625,0.003594,,0,506,2,74,0.0,0.020636,0
2252,0,,2,2,4,2,2,4,6,0.314003,0.33247,1.2e-05,0.006342,0.006021,,0,506,13,1,0.0,0.033007,0
2147,0,,2,2,4,2,2,4,6,0.311264,0.329793,5e-06,0.006628,0.00652,,0,506,14,1,0.0,0.035576,0
2178,0,,2,2,4,2,2,4,6,0.299162,0.318192,0.0,0.004558,0.004616,,0,506,1,1,1.0,0.026225,0
2173,0,,2,2,4,2,2,4,6,0.296886,0.315475,2.3e-05,0.003829,0.003832,,0,506,14,1,0.0,0.021666,0
2129,0,,2,2,4,2,2,4,6,0.313714,0.332955,0.0,0.006896,0.006783,,0,506,14,1,1.0,0.037281,0
2127,0,,2,2,4,2,2,4,6,0.301061,0.319585,1.4e-05,0.004609,0.004523,,0,506,11,1,0.0,0.025415,1
2093,0,,2,2,4,2,2,4,6,0.298709,0.317854,0.0,0.004076,0.004035,,0,506,1,1,1.0,0.023236,0
2108,0,,2,2,4,2,2,4,6,0.293905,0.312828,8.6e-05,0.003631,0.003622,,0,506,6,1,0.0,0.020688,1
1923,0,,2,2,4,2,2,4,6,0.293629,0.312437,3e-05,0.003653,0.003552,,0,506,1,1,0.5,0.020349,0
2117,0,,2,2,4,2,2,4,6,0.29356,0.312325,0.00049,0.003557,0.003541,,0,506,1,1,0.0,0.020261,0
2102,0,,2,2,4,2,2,4,6,0.295016,0.313847,0.0,0.003927,0.00395,,0,506,2,1,1.0,0.022517,0
1942,0,,2,2,4,2,2,4,6,0.296957,0.315835,7.3e-05,0.003715,0.00362,,0,506,1,1,0.0,0.020752,1
2217,0,,2,1,3,2,2,4,7,0.300674,0.312288,0.0,0.00829,0.004663,,0,506,14,1,1.0,0.044265,0
2163,0,,2,1,3,2,2,4,7,0.254707,0.263405,1e-05,0.004597,0.001047,,0,506,1,1,0.0,0.025978,0
1998,0,,2,2,4,2,2,4,6,0.303696,0.315475,0.0,0.005454,0.006392,,0,506,13,92,1.0,0.032387,1
1977,0,,2,2,4,2,2,4,6,0.301303,0.312459,0.000258,0.003793,0.004105,,0,506,2,91,0.0,0.021187,0
1936,0,,2,2,4,2,2,4,6,0.301206,0.312348,0.0,0.003971,0.004275,,0,506,8,1,1.0,0.022193,0
1922,0,,2,2,4,2,2,4,6,0.307484,0.3197,2e-06,0.005266,0.005607,,0,506,2,68,0.5,0.029768,1
2331,0,,2,2,4,2,2,4,7,0.281243,0.295815,1.3e-05,0.004373,0.005222,,0,506,13,16,0.166667,0.024059,1
2353,0,,1,1,2,2,2,4,7,0.278525,0.292764,0.0,0.003818,0.004185,,0,506,13,38,0.0,0.021747,1
2321,0,,1,1,2,2,2,4,7,0.278525,0.292764,0.0,0.003818,0.004185,,0,506,13,38,0.0,0.021747,0
2300,0,,1,1,2,2,2,4,7,0.278525,0.292764,0.0,0.003818,0.004185,,0,506,13,38,0.0,0.021747,0
2291,0,,1,1,2,2,2,4,7,0.278525,0.292764,0.0,0.003818,0.004185,,0,506,13,38,0.0,0.021747,0
2053,0,,2,2,4,2,2,4,7,0.289076,0.303737,2e-06,0.004554,0.004806,,0,506,13,38,0.0,0.025126,0
2263,0,,2,2,4,2,2,4,7,0.279669,0.294089,5e-06,0.004017,0.004431,,0,506,7,77,0.0,0.023138,0
2332,0,,2,2,4,2,2,4,7,0.279418,0.2938,0.0,0.004183,0.004572,,0,506,13,38,1.0,0.023826,0
2311,0,,2,2,4,2,2,4,7,0.295063,0.311501,2e-06,0.007679,0.007911,,0,506,7,38,0.5,0.041435,0
2308,0,,2,2,4,2,2,4,7,0.291142,0.306385,3e-06,0.006432,0.006598,,0,506,7,38,0.0,0.034815,1
2298,0,,2,2,4,2,2,4,7,0.279252,0.293495,1.6e-05,0.003927,0.004294,,0,506,8,38,0.0,0.022347,0
2285,0,,2,2,4,2,2,4,7,0.279564,0.293951,5e-06,0.003951,0.004317,,0,506,15,10,0.0,0.022479,0
2017,0,,1,1,2,2,2,4,6,0.285834,0.298661,0.0,0.002602,0.002461,,0,506,2,18,0.0,0.014116,1
2002,0,,1,1,2,2,2,4,6,0.285834,0.298661,0.0,0.002602,0.002461,,0,506,2,18,0.0,0.014116,0
2103,0,,2,2,4,2,2,4,6,0.299353,0.312721,0.0,0.004462,0.004301,,0,506,8,18,1.0,0.024213,0
2201,0,,1,2,3,2,2,4,6,0.286009,0.298995,2e-06,0.002602,0.002865,,0,506,2,98,0.0,0.014116,1
1908,0,,2,2,4,2,2,4,6,0.285987,0.298995,9e-06,0.002728,0.002553,,0,506,2,45,0.0,0.014663,0
1909,0,,2,2,4,2,2,4,6,0.308015,0.322445,3.5e-05,0.005597,0.005498,,0,506,13,18,0.0,0.029667,0
2363,0,,2,2,4,2,2,4,7,0.277165,0.290257,6e-06,0.003283,0.003259,,0,506,12,74,0.0,0.01668,0
2335,0,,2,2,4,2,2,4,6,0.279398,0.292011,3.6e-05,0.00312,0.003157,,0,506,13,17,0.0,0.016294,0
2397,0,,4,2,6,2,2,4,7,0.253159,0.261608,0.00049,0.004775,0.0011,,0,506,13,31,0.0,0.025216,0
2376,0,,1,3,4,2,2,4,6,0.287788,0.301019,3e-06,0.001312,0.004575,,0,506,13,54,0.666667,0.007185,0
2326,0,,1,1,2,2,2,4,6,0.273964,0.285775,0.0,0.002881,0.002899,,0,506,13,77,0.0,0.015207,0
2361,0,,2,2,4,2,2,4,7,0.279189,0.292641,4.8e-05,0.003728,0.003676,,0,506,13,24,0.0,0.019267,0
2381,0,,2,2,4,2,2,4,7,0.281053,0.295168,5e-06,0.004431,0.004389,,0,506,13,31,0.0,0.022967,1
2302,0,,2,2,4,2,2,4,7,0.289971,0.303801,0.0,0.004741,0.004663,,0,506,13,22,1.0,0.024572,0
2301,0,,2,2,4,2,2,4,7,0.291573,0.305078,1.9e-05,0.004153,0.004062,,0,506,12,74,0.0,0.021638,0
2210,0,,2,2,4,2,2,4,7,0.293606,0.307195,0.0,0.00472,0.004723,,0,506,1,83,1.0,0.025047,0
2209,0,,2,2,4,2,2,4,7,0.288786,0.302702,0.0,0.004556,0.004324,,0,506,15,37,1.0,0.022988,0
2142,0,,2,2,4,2,2,4,7,0.290308,0.304842,7e-06,0.005361,0.005569,,0,506,11,100,0.0,0.029557,0
2172,0,,2,2,4,2,2,4,6,0.298566,0.31297,9e-06,0.005107,0.004726,,0,506,13,44,0.5,0.02489,0
2145,0,,2,2,4,2,2,4,7,0.285812,0.298052,0.0,0.004181,0.004787,,0,506,11,23,0.5,0.025281,0
2128,0,,2,2,4,2,2,4,7,0.286709,0.298426,0.0,0.003385,0.003692,,0,506,7,11,1.0,0.019348,0
2190,0,,1,1,2,2,2,4,7,0.293284,0.304802,0.0,0.003341,0.003243,,0,506,14,51,0.0,0.017061,0
2215,0,,2,2,4,2,2,4,6,0.299401,0.310991,0.0,0.00476,0.004499,,0,506,14,51,1.0,0.023768,0
2188,0,,2,2,4,2,2,4,6,0.295063,0.306854,3e-06,0.003659,0.003641,,0,506,13,98,0.0,0.019158,0
1981,0,,2,2,4,2,2,4,7,0.293675,0.305282,3.3e-05,0.003365,0.003267,,0,506,6,12,0.0,0.017242,1
1992,0,,2,2,4,2,2,4,7,0.295039,0.306812,5e-06,0.00353,0.003434,,0,506,13,89,0.0,0.018169,0
1988,0,,2,2,4,2,2,4,7,0.29356,0.305313,7.5e-05,0.003358,0.003287,,0,506,6,17,0.0,0.017351,0
1967,0,,2,2,4,2,2,4,7,0.293307,0.304935,0.0,0.003478,0.003386,,0,506,14,51,1.0,0.017858,0
2356,0,,2,2,4,2,2,4,7,0.300722,0.312466,1e-05,0.004972,0.004737,,0,506,13,37,0.0,0.024426,0
2168,0,,2,2,4,2,2,4,7,0.302275,0.31433,4e-06,0.005672,0.005573,,0,506,14,40,0.0,0.029144,0
2283,0,,1,1,2,2,2,4,7,0.263558,0.275277,0.0,0.001218,0.001789,,0,506,12,74,0.0,0.009067,0
2267,0,,2,2,4,2,2,4,7,0.266141,0.27892,0.0,0.001468,0.002048,,0,506,12,74,1.0,0.010731,0
2157,0,,2,2,4,2,2,4,7,0.266861,0.277182,2.4e-05,0.001676,0.001954,,0,506,11,70,0.0,0.010749,1
2148,0,,2,2,4,2,2,4,7,0.284965,0.29654,3e-06,0.002648,0.002998,,0,506,1,100,0.0,0.01652,1
2135,0,,2,2,4,2,2,4,6,0.286402,0.29879,2e-06,0.004258,0.004335,,0,506,7,100,0.0,0.023583,1
2434,0,,2,2,4,2,2,4,7,0.286031,0.299193,2e-06,0.002889,0.002669,,0,506,3,16,0.5,0.012398,0
2426,0,,2,2,4,2,2,4,7,0.284402,0.297423,0.0,0.002783,0.002453,,0,506,3,16,1.0,0.012266,0
2003,0,,1,1,2,2,2,4,7,0.26728,0.278016,0.0,0.001478,0.001507,,0,506,2,68,0.0,0.008641,1
1983,0,,1,1,2,2,2,4,7,0.26728,0.278016,0.0,0.001478,0.001507,,0,506,2,68,0.0,0.008641,0
1925,0,,1,1,2,2,2,4,7,0.26728,0.278016,0.0,0.001478,0.001507,,0,506,2,68,0.0,0.008641,0
2340,0,,2,2,4,2,2,4,7,0.269336,0.280569,1.2e-05,0.001768,0.00183,,0,506,13,52,0.0,0.010227,1
2206,0,,2,2,4,2,2,4,7,0.293215,0.305692,5e-06,0.003949,0.003871,,0,506,11,68,0.0,0.02128,0
1917,0,,2,2,4,2,2,4,7,0.268141,0.279262,4e-06,0.001628,0.001783,,0,506,8,9,0.0,0.010243,1
2143,0,,2,2,4,2,2,4,6,0.289165,0.300787,0.0,0.004559,0.004454,,0,506,11,84,1.0,0.023564,0
2105,0,,2,2,4,2,2,4,7,0.284014,0.295359,2e-06,0.00403,0.003507,,0,506,2,96,0.333333,0.019052,1
2200,0,,1,1,2,2,2,4,7,0.263725,0.273972,0.0,0.000805,0.000783,,0,506,1,4,0.0,0.004719,0
2091,0,,2,2,4,2,2,4,7,0.273723,0.285369,0.0,0.001575,0.001373,,0,506,8,58,1.0,0.008213,0
2086,0,,2,2,4,2,2,4,7,0.273723,0.285369,0.0,0.001575,0.001373,,0,506,8,58,1.0,0.008213,0
2097,0,,2,2,4,2,2,4,7,0.275515,0.286545,7e-06,0.001616,0.001649,,0,506,1,4,0.0,0.009667,0
2106,0,,2,2,4,2,2,4,7,0.27162,0.283119,0.0,0.001327,0.001278,,0,506,1,4,1.0,0.007734,1
2388,0,,2,2,4,2,2,4,7,0.283306,0.29446,0.0,0.003587,0.003512,,0,506,13,27,0.0,0.017865,0
2239,0,,1,1,2,2,2,4,6,0.290218,0.301428,0.0,0.003402,0.002485,,0,506,8,36,0.0,0.013319,0
2310,0,,2,2,4,2,2,4,6,0.293055,0.304524,1e-06,0.003968,0.003089,,0,506,8,61,0.0,0.016564,0
2079,0,,2,2,4,2,2,4,6,0.290578,0.301953,0.0,0.003682,0.002814,,0,506,8,26,1.0,0.014936,0
1911,0,,1,1,2,2,2,4,7,0.250468,0.258916,0.0,0.000458,0.00054,,0,506,2,20,0.0,0.003168,0
2196,0,,2,2,4,2,2,4,7,0.279564,0.291854,3e-06,0.003656,0.00346,,0,506,7,98,0.0,0.018825,0
2372,0,,2,2,4,2,2,4,6,0.283993,0.296597,0.0,0.005024,0.005014,,0,506,13,46,0.5,0.025526,0
2418,0,,2,2,4,2,2,4,7,0.275941,0.28677,0.0,0.002559,0.002641,,0,506,13,25,1.0,0.013476,0
2064,0,,2,2,4,2,2,4,8,0.244982,0.252948,5e-06,0.000328,0.000292,,0,506,6,52,0.5,0.002099,0
2029,0,,2,2,4,2,2,4,7,0.242603,0.251184,2.6e-05,0.000295,0.000353,,0,506,8,9,0.0,0.002393,1
2256,0,,1,1,2,2,2,4,7,0.281666,0.29304,0.0,0.002968,0.002019,,0,506,13,55,0.0,0.010484,0
2150,0,,2,2,4,2,2,4,7,0.291074,0.303583,1e-06,0.004875,0.004572,,0,506,11,84,0.0,0.023711,1
2007,0,,2,2,4,2,2,4,7,0.289657,0.301257,7e-06,0.002982,0.002676,,0,506,14,3,0.0,0.013962,0
2350,0,,2,2,4,2,2,4,7,0.260136,0.270035,4.1e-05,0.001736,0.001847,,0,506,1,70,0.0,0.009302,0
2377,0,,2,2,4,2,2,4,6,0.283306,0.294818,1e-06,0.003552,0.003524,,0,506,13,83,0.0,0.018114,0
2399,0,,2,2,4,2,2,4,7,0.270483,0.281223,0.0,0.001349,0.001109,,0,506,1,5,1.0,0.006338,0
2016,0,,1,1,2,2,2,4,7,0.261936,0.270579,0.0,0.001242,0.001143,,0,506,2,96,0.0,0.006265,1
2126,0,,2,2,4,2,2,4,6,0.287501,0.297887,2e-06,0.002454,0.002359,,0,506,7,64,0.0,0.013053,0
2155,0,,2,3,5,2,2,4,7,0.288408,0.299682,0.000228,0.003635,0.003803,,0,506,3,31,0.333333,0.019601,1
2241,0,,2,2,4,2,2,4,7,0.287038,0.298717,4e-06,0.003357,0.003557,,0,506,8,98,0.0,0.018781,0
1947,0,,2,2,4,2,2,4,7,0.262892,0.272634,3e-06,0.001213,0.001091,,0,506,2,20,0.0,0.00639,0
1928,0,,2,2,4,2,2,4,7,0.266558,0.276833,7e-06,0.001183,0.001333,,0,506,2,12,0.0,0.006228,0
2272,0,,2,2,4,2,2,4,7,0.255995,0.267348,0.0,0.000832,0.000709,,0,506,12,74,1.0,0.004319,0
2114,0,,1,1,2,2,2,4,7,0.257969,0.266625,0.0,0.00093,0.00087,,0,506,14,103,0.0,0.004874,1
1920,0,,2,2,4,2,2,4,7,0.259523,0.268635,3e-06,0.001045,0.000991,,0,506,14,0,0.0,0.005629,1
1948,0,,1,1,2,2,2,4,7,0.249767,0.257178,0.0,0.000451,0.000574,,0,506,2,66,0.0,0.003502,0
1975,0,,2,2,4,2,2,4,7,0.259649,0.269225,7e-06,0.000808,0.000983,,0,506,6,66,0.0,0.006136,0
1974,0,,2,2,4,2,2,4,7,0.254172,0.262473,5e-06,0.000556,0.000685,,0,506,2,64,0.0,0.004192,1
1932,0,,2,2,4,2,2,4,7,0.256679,0.265375,4e-06,0.000702,0.000916,,0,506,8,26,0.0,0.005478,1
2237,0,,2,2,4,2,2,4,7,0.247066,0.255275,4e-06,0.000722,0.00094,,0,506,14,72,0.5,0.004809,0
2337,0,,1,1,2,2,2,4,7,0.252086,0.260359,0.0,0.000916,0.000919,,0,506,2,43,0.0,0.004843,0
2160,0,,1,1,2,2,2,4,7,0.259164,0.26919,0.0,0.000522,0.000496,,0,506,1,4,0.0,0.003016,0
2120,0,,1,1,2,2,2,4,7,0.259164,0.26919,0.0,0.000522,0.000496,,0,506,1,4,0.0,0.003016,0
1963,0,,1,2,3,2,2,4,7,0.259416,0.269635,8.2e-05,0.000522,0.000498,,0,506,1,3,0.0,0.003016,0
2362,0,,2,2,4,2,2,4,7,0.266292,0.276727,0.0,0.001989,0.002229,,0,506,13,10,1.0,0.011436,0
2364,0,,2,2,4,2,2,4,7,0.265745,0.276567,0.0,0.001702,0.001883,,0,506,13,22,0.0,0.009781,0
2184,0,,1,1,2,2,2,4,7,0.247588,0.25469,0.0,0.000444,0.000469,,0,506,11,78,0.0,0.002691,0
1939,0,,1,1,2,2,2,4,7,0.266596,0.275748,0.0,0.001326,0.001256,,0,506,11,85,0.0,0.007026,1
2071,0,,2,2,4,2,2,4,7,0.267796,0.277433,1.6e-05,0.001369,0.001301,,0,506,11,52,0.0,0.007395,0
1984,0,,2,2,4,2,2,4,7,0.266709,0.276037,6.1e-05,0.001332,0.001261,,0,506,11,11,0.0,0.007093,0
2297,0,,2,2,4,2,2,4,7,0.254673,0.265093,0.0,0.000625,0.00058,,0,506,12,74,1.0,0.003339,0
2169,0,,2,2,4,2,2,4,7,0.257296,0.266937,1e-05,0.001485,0.001277,,0,506,11,63,0.0,0.00713,1
2153,0,,2,2,4,2,2,4,7,0.266255,0.2765,2e-06,0.001731,0.001741,,0,506,7,98,0.0,0.009244,0
2175,0,,2,2,4,2,2,4,7,0.272926,0.283207,0.0,0.002452,0.002228,,0,506,2,11,1.0,0.011986,1
2234,0,,2,2,4,2,2,4,7,0.249534,0.258674,9e-06,0.000346,0.000342,,0,506,1,70,0.0,0.002025,1
2083,0,,2,2,4,2,2,4,7,0.252493,0.260669,1.1e-05,0.000949,0.001058,,0,506,14,34,0.0,0.005739,0
2104,0,,2,2,4,2,2,4,7,0.267204,0.277456,7e-06,0.000954,0.000803,,0,506,8,58,0.0,0.004786,0
2087,0,,2,2,4,2,2,4,7,0.256873,0.265691,8e-06,0.000864,0.000658,,0,506,8,58,0.0,0.003921,1
2092,0,,2,2,4,2,2,4,7,0.256908,0.265704,6e-06,0.000818,0.000628,,0,506,6,58,0.0,0.003796,1
2373,0,,2,2,4,2,2,4,7,0.278194,0.28969,0.0,0.004193,0.003255,,0,506,13,33,1.0,0.016036,-1
2269,0,,2,2,4,2,2,4,7,0.261024,0.270261,2.9e-05,0.000831,0.000886,,0,506,14,102,0.0,0.005081,0
2038,0,,2,2,4,2,2,4,7,0.274546,0.284353,1e-05,0.001651,0.001697,,0,506,6,17,0.0,0.009235,1
2304,0,,2,2,4,2,2,4,7,0.297381,0.311514,0.0,0.006879,0.006539,,0,506,13,6,1.0,0.034183,0
2019,0,,2,2,4,2,2,4,7,0.253965,0.262188,2e-06,0.000647,0.000763,,0,506,2,91,0.5,0.00456,0
2229,0,,2,2,4,2,2,4,7,0.279794,0.290519,0.0,0.002855,0.003014,,0,506,13,86,0.0,0.015477,0
2005,0,,2,2,4,2,2,4,7,0.254155,0.262219,5e-06,0.000732,0.000625,,0,506,2,17,0.0,0.003687,0
1951,0,,2,2,4,2,2,4,7,0.259703,0.268813,4e-06,0.000965,0.000868,,0,506,2,11,0.0,0.005024,0
2274,0,,2,2,4,2,2,4,7,0.253039,0.261498,8e-06,0.000864,0.000853,,0,506,14,102,0.0,0.004383,1
2193,0,,2,2,4,2,2,4,7,0.267777,0.277799,4.5e-05,0.001014,0.001087,,0,506,2,0,0.0,0.006096,0
2165,0,,1,1,2,2,2,4,7,0.258111,0.267159,0.0,0.000439,0.000346,,0,506,11,70,0.0,0.002088,0
2394,0,,2,2,4,2,2,4,7,0.260969,0.270751,9e-06,0.001637,0.001706,,0,506,11,9,0.0,0.008584,1
2242,0,,1,1,2,2,2,4,7,0.260643,0.269356,0.0,0.001318,0.00118,,0,506,13,34,0.0,0.006125,1
2406,0,,2,2,4,2,2,4,7,0.26503,0.274747,1e-06,0.001981,0.001794,,0,506,13,34,0.0,0.009017,0
2245,0,,2,2,4,2,2,4,7,0.253381,0.261052,0.0,0.000773,0.000783,,0,506,11,26,1.0,0.004122,0
2325,0,,2,2,4,2,2,4,7,0.242461,0.251043,1e-06,0.000938,0.00079,,0,506,13,44,0.0,0.003771,0
2236,0,,1,1,2,2,2,4,7,0.269549,0.279669,0.0,0.001476,0.001492,,0,506,13,86,0.0,0.007998,0
2251,0,,2,1,3,2,2,4,8,0.226651,0.232135,3e-06,0.001749,9.2e-05,,0,506,2,61,0.0,0.011732,0
2226,0,,1,1,2,2,2,4,7,0.263855,0.273724,0.0,0.000937,0.00091,,0,506,14,40,0.0,0.005099,0
2197,0,,2,2,4,2,2,4,7,0.265858,0.275855,2e-06,0.001145,0.001119,,0,506,14,90,0.0,0.006297,0
2219,0,,2,2,4,2,2,4,7,0.271168,0.281188,3e-06,0.001255,0.001084,,0,506,14,40,0.0,0.005984,1
1995,0,,1,1,2,2,2,4,7,0.248031,0.255171,0.0,0.000436,0.000485,,0,506,2,71,0.0,0.002782,0
1913,0,,1,1,2,2,2,4,7,0.248031,0.255171,0.0,0.000436,0.000485,,0,506,2,71,0.0,0.002782,0
1969,0,,2,2,4,2,2,4,7,0.250301,0.258194,1e-06,0.000428,0.000449,,0,506,14,63,0.0,0.002691,0
1999,0,,2,2,4,2,2,4,7,0.26201,0.27088,9e-06,0.001022,0.000768,,0,506,2,26,0.0,0.004311,0
2213,0,,2,2,4,2,2,4,7,0.290803,0.304259,1e-06,0.004701,0.004404,,0,506,7,6,0.0,0.023634,0
2246,0,,1,1,2,2,2,4,7,0.26518,0.274278,0.0,0.001427,0.001337,,0,506,2,42,0.0,0.006673,1
2240,0,,1,1,2,2,2,4,7,0.26518,0.274278,0.0,0.001427,0.001337,,0,506,2,42,0.0,0.006673,0
2264,0,,1,1,2,2,2,4,7,0.248871,0.256031,0.0,0.00059,0.000378,,0,506,11,100,0.0,0.001975,0
2392,0,,1,1,2,2,2,4,7,0.25992,0.268816,0.0,0.001445,0.000972,,0,506,13,33,0.0,0.004632,1
2286,0,,2,2,4,2,2,4,7,0.28209,0.295288,0.00049,0.003863,0.003728,,0,506,7,6,0.0,0.019727,0
2254,0,,2,2,4,2,2,4,7,0.283199,0.296457,0.000249,0.00388,0.003728,,0,506,7,74,0.0,0.019727,0
2323,0,,1,1,2,2,2,4,7,0.254759,0.264419,0.0,0.000437,0.000416,,0,506,12,74,0.0,0.002596,1
1966,0,,1,1,2,2,2,4,7,0.246822,0.253842,0.0,0.000388,0.000264,,0,506,8,91,0.0,0.001601,0
2012,0,,2,2,4,2,2,4,7,0.247555,0.254923,5e-06,0.000417,0.000292,,0,506,2,91,0.0,0.001837,0
2000,0,,2,2,4,2,2,4,7,0.249169,0.256604,1e-06,0.000556,0.000423,,0,506,8,91,0.0,0.002563,0
2265,0,,1,2,3,2,2,4,7,0.255524,0.264487,1e-06,0.000161,0.000418,,0,506,3,4,0.0,0.000937,1
1955,0,,2,2,4,2,2,4,7,0.249053,0.258142,4.4e-05,0.000225,0.00027,,0,506,1,4,0.0,0.001447,0
1968,0,,1,1,2,2,2,4,7,0.237152,0.245035,0.0,0.000236,0.000246,,0,506,6,17,0.0,0.001562,0
2004,0,,2,2,4,2,2,4,7,0.238283,0.246614,8e-06,0.000253,0.00029,,0,506,6,17,0.0,0.001852,1
1994,0,,2,2,4,2,2,4,7,0.248772,0.25679,1.7e-05,0.000437,0.000509,,0,506,2,26,0.0,0.003176,1
1973,0,,2,2,4,2,2,4,7,0.248755,0.256537,2e-06,0.000506,0.000592,,0,506,2,9,0.0,0.003485,1
1996,0,,1,1,2,2,2,4,7,0.232993,0.240056,0.0,0.000174,0.000154,,0,506,6,26,0.0,0.001087,0
2076,0,,1,1,2,2,2,4,8,0.198643,0.203288,0.0,1.9e-05,9e-06,,0,506,97,70,0.0,0.000187,0
1958,0,,1,1,2,2,2,4,8,0.198643,0.203288,0.0,1.9e-05,9e-06,,0,506,97,70,0.0,0.000187,0
1972,0,,1,1,2,2,2,4,8,0.198643,0.203288,0.0,1.9e-05,9e-06,,0,506,97,70,0.0,0.000187,0
2329,0,,1,1,2,2,2,4,7,0.254379,0.262992,0.0,0.000946,0.001005,,0,506,7,69,0.0,0.005176,0
1970,0,,2,2,4,2,2,4,7,0.2619,0.271697,3e-06,0.001024,0.000907,,0,506,11,63,0.0,0.00514,0
2052,0,,1,1,2,2,2,4,8,0.207763,0.212594,0.0,3.2e-05,1.4e-05,,0,506,14,72,0.0,0.000181,0
2025,0,,1,1,2,2,2,4,8,0.207763,0.212594,0.0,3.2e-05,1.4e-05,,0,506,14,72,0.0,0.000181,0
1938,0,,2,2,4,2,2,4,7,0.239808,0.247343,3e-06,0.000251,0.000238,,0,506,2,2,0.0,0.001465,0
1940,0,,1,1,2,2,2,4,8,0.21674,0.222547,0.0,4.2e-05,3.8e-05,,0,506,6,89,0.0,0.000316,0
1944,0,,1,1,2,2,2,4,7,0.223049,0.228251,0.0,5e-05,8.5e-05,,0,506,2,20,0.0,0.000497,1
1937,0,,1,1,2,2,2,4,7,0.223049,0.228251,0.0,5e-05,8.5e-05,,0,506,2,20,0.0,0.000497,0
2044,0,,1,1,2,2,2,4,8,0.203509,0.207996,0.0,1.9e-05,9.9e-05,,0,506,8,17,0.0,0.000482,1
1991,0,,1,1,2,2,2,4,8,0.213858,0.219107,0.0,2e-05,2.4e-05,,0,506,1,0,0.0,0.000175,1
2407,0,,2,2,4,2,2,4,7,0.255576,0.263579,0.0,0.001033,0.000735,,0,506,11,90,1.0,0.003999,0
2061,0,,1,1,2,2,2,4,8,0.183093,0.186494,0.0,2e-06,1e-06,,0,506,6,52,0.0,7.4e-05,0
2059,0,,1,1,2,2,2,4,8,0.183093,0.186494,0.0,2e-06,1e-06,,0,506,6,52,0.0,7.4e-05,0
2058,0,,1,1,2,2,2,4,8,0.183093,0.186494,0.0,2e-06,1e-06,,0,506,6,52,0.0,7.4e-05,0
2057,0,,1,1,2,2,2,4,8,0.183093,0.186494,0.0,2e-06,1e-06,,0,506,6,52,0.0,7.4e-05,1
2056,0,,1,1,2,2,2,4,8,0.183093,0.186494,0.0,2e-06,1e-06,,0,506,6,52,0.0,7.4e-05,0
2055,0,,1,1,2,2,2,4,8,0.183093,0.186494,0.0,2e-06,1e-06,,0,506,6,52,0.0,7.4e-05,0
2189,0,,2,2,4,2,2,4,7,0.248014,0.255133,0.00049,0.000761,0.000662,,0,506,11,47,0.0,0.003307,0
2042,0,,1,1,2,2,2,4,7,0.234363,0.240026,0.0,0.000165,0.000227,,0,506,14,90,0.0,0.001091,1
2034,0,,1,1,2,2,2,4,7,0.234363,0.240026,0.0,0.000165,0.000227,,0,506,14,90,0.0,0.001091,1
2008,0,,2,2,4,2,2,4,8,0.224036,0.229921,0.0,9.4e-05,9.6e-05,,0,506,2,3,1.0,0.000813,0
2212,0,,2,2,4,2,2,4,7,0.236106,0.243018,0.0,0.000439,0.000575,,0,506,7,100,1.0,0.002999,0
1956,0,,2,2,4,2,2,4,7,0.243122,0.250331,2.3e-05,0.000241,0.000187,,0,506,1,4,0.0,0.00115,1
2164,0,,1,1,2,2,2,4,8,0.240949,0.247799,0.0,0.000443,0.00023,,0,506,11,63,0.0,0.001372,0
2130,0,,1,1,2,2,2,4,8,0.240949,0.247799,0.0,0.000443,0.00023,,0,506,11,63,0.0,0.001372,0
2370,0,,2,2,4,2,2,4,8,0.233313,0.241127,7e-06,0.00029,0.000261,,0,506,13,22,0.0,0.001548,0
2014,0,,2,2,4,2,2,4,7,0.248179,0.255378,1e-06,0.000308,0.000272,,0,506,1,26,0.0,0.001656,0
1971,0,,2,2,4,2,2,4,7,0.230983,0.237979,1e-06,0.000121,0.000148,,0,506,2,17,0.0,0.000972,0
1912,0,,1,1,2,2,2,4,7,0.238011,0.24663,0.0,0.000188,0.00015,,0,506,1,52,0.0,0.000916,0
2233,0,,1,1,2,2,2,4,7,0.268737,0.279089,0.0,0.001516,0.000886,,0,506,14,101,0.0,0.004471,1
1985,0,,2,2,4,2,2,4,7,0.242164,0.251152,4e-06,0.000213,0.000244,,0,506,11,11,0.0,0.001489,0
2030,0,,1,1,2,2,2,4,8,0.213334,0.218787,0.0,2.8e-05,4.7e-05,,0,506,11,45,0.0,0.000363,0
2026,0,,1,1,2,2,2,4,8,0.219753,0.225145,0.0,4.3e-05,4.5e-05,,0,506,6,52,0.0,0.00037,0
2040,0,,1,1,2,2,2,4,8,0.1823,0.186174,0.0,2e-06,2e-06,,0,506,6,89,0.0,6.4e-05,1
2039,0,,1,1,2,2,2,4,8,0.1823,0.186174,0.0,2e-06,2e-06,,0,506,6,89,0.0,6.4e-05,0
2341,0,,1,1,2,2,2,4,7,0.251696,0.259694,0.0,0.000587,0.00055,,0,506,8,79,0.0,0.002846,0
2112,0,,2,2,4,2,2,4,7,0.273065,0.283238,1e-06,0.001667,0.002118,,0,506,2,26,0.0,0.011199,-1
2011,0,,2,2,4,2,2,4,8,0.21629,0.222386,1e-06,4.2e-05,4e-05,,0,506,6,17,0.0,0.000351,0
2072,0,,1,1,2,2,2,4,7,0.232242,0.23947,0.0,0.000185,0.000192,,0,506,6,19,0.0,0.001133,1
2186,0,,1,1,2,2,2,4,7,0.258058,0.267266,0.0,0.001239,0.001385,,0,506,7,86,0.0,0.007624,0
1960,0,,2,2,4,2,2,4,8,0.227698,0.234922,1e-06,0.000154,0.000161,,0,506,2,91,0.0,0.001001,1
2161,0,,1,1,2,2,2,4,8,0.215048,0.220185,0.0,3.9e-05,4.2e-05,,0,506,1,63,0.0,0.000253,0
2115,0,,1,1,2,2,2,4,7,0.226432,0.232881,0.0,9.4e-05,9.6e-05,,0,506,2,68,0.0,0.000596,1
2110,0,,1,1,2,2,2,4,7,0.226432,0.232881,0.0,9.4e-05,9.6e-05,,0,506,2,68,0.0,0.000596,1
2081,0,,2,1,3,2,2,4,9,0.167165,0.170104,4e-06,0.000142,7.1e-05,,0,506,97,70,0.0,0.000854,0
2390,0,,2,2,4,2,2,4,8,0.227989,0.234039,0.000717,0.000168,0.000187,,0,506,13,34,0.0,0.0009,0
2073,0,,1,1,2,2,2,4,7,0.216452,0.222138,0.0,7.9e-05,7.3e-05,,0,506,13,103,0.0,0.000451,0
2131,0,,1,1,2,2,2,4,8,0.213164,0.218021,0.0,4.2e-05,3.8e-05,,0,506,11,10,0.0,0.000275,0
1950,0,,2,2,4,2,2,4,9,0.180761,0.184173,0.0,2e-06,6e-06,,0,506,14,26,1.0,0.000118,0
1949,0,,2,2,4,2,2,4,9,0.180761,0.184173,0.0,2e-06,6e-06,,0,506,14,26,1.0,0.000118,0
2089,0,,2,2,4,2,2,4,8,0.207648,0.212518,3e-06,2.5e-05,3.3e-05,,0,506,6,58,0.0,0.000229,0
1976,0,,2,2,4,2,2,4,1,1.0,1.0,0.000228,0.0,9e-05,,0,402,8,13,0.0,0.000563,0
2049,0,,1,1,2,2,2,4,7,0.248096,0.257222,0.0,0.000429,0.000675,,0,506,6,3,0.0,0.004138,0
2259,0,,1,1,2,2,2,4,7,0.229807,0.237045,0.0,0.00027,0.000301,,0,506,7,45,0.0,0.001641,-1
2319,0,,1,1,2,2,2,4,7,0.256626,0.266321,0.0,0.001166,0.001233,,0,506,13,40,0.0,0.006452,0
2322,0,,1,1,2,2,2,4,7,0.256626,0.266321,0.0,0.001166,0.001233,,0,506,13,40,0.0,0.006452,-1
2382,0,,1,1,2,2,2,4,7,0.238952,0.247033,0.0,0.000322,0.000351,,0,506,13,28,0.0,0.00171,0
1865,0,,3,1,4,3,1,4,7,0.25765,0.266857,2e-06,0.007745,0.001305,,0,506,13,28,0.333333,0.037261,1
1743,0,,1,2,3,3,1,4,7,0.283327,0.295332,0.0,0.000656,0.003551,,0,506,2,11,1.0,0.003173,0
1810,0,,1,1,2,3,1,4,7,0.263558,0.275277,0.0,0.001218,0.001789,,0,506,12,74,0.0,0.009067,1
1759,0,,2,1,3,3,1,4,7,0.254707,0.263405,9e-06,0.00226,0.001047,,0,506,12,74,0.0,0.014824,0
1610,0,,2,1,3,3,1,4,7,0.26728,0.278016,3e-06,0.001721,0.001507,,0,506,2,68,0.0,0.009965,0
1752,0,,2,1,3,3,1,4,7,0.254707,0.263405,1e-06,0.002558,0.001047,,0,506,14,98,0.0,0.010228,0
1888,0,,2,1,3,3,1,4,7,0.243233,0.251681,4e-06,0.000649,0.000535,,0,506,14,72,0.0,0.003364,0
1786,0,,2,1,3,3,1,4,8,0.207028,0.211899,3e-06,0.001473,4.2e-05,,0,506,2,86,0.0,0.006961,0
1655,0,,3,1,4,3,1,4,7,0.24511,0.25237,5e-06,0.000626,0.000307,,0,506,2,12,0.0,0.003974,1
1753,0,,3,1,4,3,1,4,7,0.258058,0.267266,1e-06,0.005367,0.001385,,0,506,7,86,0.333333,0.0289,0
1890,0,,3,1,4,3,1,4,7,0.260371,0.269325,0.0,0.002107,0.000741,,0,506,13,44,0.333333,0.008126,-1
1666,0,,2,1,3,3,1,4,7,0.241555,0.247714,6e-06,0.000236,0.000305,,0,506,8,91,0.0,0.001723,1
1687,0,,1,1,2,3,1,4,7,0.228755,0.235808,0.0,0.000105,0.000139,,0,506,14,91,0.0,0.000863,1
1870,0,,1,1,2,3,1,4,1,1.0,1.0,0.0,0.0,0.0,,2,533,110,99,0.0,2.8e-05,0
1499,0,,1,0,1,4,0,4,0,0.0,0.0,0.0,0.003716,0.0,,0,357,15,37,0.0,0.019042,0
1497,0,,3,2,5,4,0,4,7,0.284143,0.295079,1.4e-05,0.004185,0.002767,,0,506,7,24,0.0,0.02385,0
1599,0,,2,0,2,4,0,4,0,0.0,0.0,0.0,0.003061,0.0,,0,163,3,16,1.0,0.013021,1
1407,0,,2,0,2,4,0,4,0,0.0,0.0,0.0,0.001618,0.0,,0,362,2,70,0.0,0.009394,1
1591,0,,1,0,1,4,0,4,0,0.0,0.0,0.0,0.0,0.0,,0,50,12,74,0.0,0.000646,0
1418,0,,1,0,1,4,0,4,0,0.0,0.0,0.0,0.000367,0.0,,0,325,2,20,0.0,0.000963,1
1414,0,,1,0,1,4,0,4,0,0.0,0.0,0.0,0.000367,0.0,,0,324,2,20,0.0,0.000963,1
1408,0,,1,0,1,4,0,4,0,0.0,0.0,0.0,0.000367,0.0,,0,323,2,20,0.0,0.000963,1
1412,0,,1,0,1,4,0,4,0,0.0,0.0,0.0,0.000367,0.0,,0,322,2,20,0.0,0.000963,0
1411,0,,1,0,1,4,0,4,0,0.0,0.0,0.0,0.000367,0.0,,0,321,2,20,0.0,0.000963,1
1410,0,,1,0,1,4,0,4,0,0.0,0.0,0.0,0.000367,0.0,,0,320,2,20,0.0,0.000963,0
1403,0,,1,0,1,4,0,4,0,0.0,0.0,0.0,0.000367,0.0,,0,319,2,20,0.0,0.000963,0
1406,0,,1,0,1,4,0,4,0,0.0,0.0,0.0,0.000367,0.0,,0,318,2,20,0.0,0.000963,0
1515,0,,1,0,1,4,0,4,0,0.0,0.0,0.0,0.003861,0.0,,0,413,7,6,0.0,0.019688,1
1447,0,,1,0,1,4,0,4,0,0.0,0.0,0.0,0.000142,0.0,,0,360,2,3,0.0,0.001588,0
1587,0,,1,0,1,4,0,4,0,0.0,0.0,0.0,0.000671,0.0,,0,314,13,93,0.0,0.003401,0
1595,0,,1,0,1,4,0,4,0,0.0,0.0,0.0,0.000447,0.0,,0,119,3,16,0.0,0.002355,0
1598,0,,2,0,2,4,0,4,0,0.0,0.0,0.0,0.001847,0.0,,0,156,3,16,1.0,0.00549,1
1036,0,,3,4,7,7,-3,4,7,0.292232,0.309739,2.7e-05,0.007926,0.008264,,0,506,15,28,0.5,0.042877,0
1038,0,,6,7,13,7,-3,4,6,0.324359,0.341504,0.000384,0.010541,0.009725,,0,506,13,47,0.107143,0.04868,0
7163,0,,0,1,1,0,5,5,1,1.0,1.0,0.0,0.0,1.1e-05,,0,530,3,16,0.0,0.0,0
2552,0,,1,2,3,1,4,5,6,0.298709,0.317854,0.0,0.000522,0.004035,,0,506,1,1,1.0,0.003016,0
2722,0,,1,2,3,1,4,5,7,0.237663,0.245007,4e-06,7.6e-05,0.000156,,0,506,2,52,0.0,0.000468,1
2282,0,,1,1,2,2,3,5,6,0.293514,0.312147,0.0,0.003555,0.003539,,0,506,1,1,0.0,0.02022,0
1952,0,,1,1,2,2,3,5,6,0.293514,0.312147,0.0,0.003555,0.003539,,0,506,1,1,0.0,0.02022,0
2238,0,,2,2,4,2,3,5,6,0.294575,0.313357,2.4e-05,0.003764,0.003689,,0,506,1,1,0.0,0.020968,0
2167,0,,2,2,4,2,3,5,6,0.320777,0.339187,0.0,0.00829,0.008203,,0,506,1,1,1.0,0.044265,0
2342,0,,2,2,4,2,3,5,6,0.302666,0.320963,5e-06,0.004725,0.004546,,0,506,13,1,0.0,0.025336,0
2176,0,,2,3,5,2,3,5,6,0.300843,0.320701,6.1e-05,0.004211,0.00514,,0,506,2,11,0.0,0.023393,0
2109,0,,2,3,5,2,3,5,6,0.295388,0.314403,9.5e-05,0.003631,0.003785,,0,506,6,52,0.333333,0.020688,0
2065,0,,2,3,5,2,3,5,6,0.294784,0.31366,0.000277,0.003589,0.003566,,0,506,6,1,0.0,0.020481,1
1957,0,,2,3,5,2,3,5,6,0.304932,0.316484,0.0,0.004029,0.00547,,0,506,2,96,0.666667,0.022461,1
2405,0,,2,3,5,2,3,5,6,0.29205,0.305275,0.000127,0.002635,0.003116,,0,506,3,35,0.0,0.014269,1
2395,0,,4,3,7,2,3,5,7,0.279564,0.293273,1.6e-05,0.008217,0.004795,,0,506,13,74,0.416667,0.039805,0
2354,0,,4,3,7,2,3,5,7,0.277371,0.290746,1.6e-05,0.007033,0.003524,,0,506,12,22,0.416667,0.033493,0
2371,0,,2,3,5,2,3,5,6,0.275373,0.287586,4e-06,0.003191,0.00351,,0,506,13,72,0.166667,0.016859,0
2292,0,,2,3,5,2,3,5,6,0.274345,0.286598,1.9e-05,0.002908,0.003168,,0,506,2,61,0.0,0.015653,1
2031,0,,3,2,5,2,3,5,8,0.240686,0.248965,9.1e-05,0.003897,0.000314,,0,506,6,102,0.0,0.017683,0
2124,0,,2,2,4,2,3,5,7,0.286753,0.299476,0.0,0.00434,0.00492,,0,506,11,100,1.0,0.026376,1
2139,0,,2,3,5,2,3,5,7,0.279065,0.290942,4e-06,0.003895,0.001994,,0,506,1,102,0.416667,0.021202,0
2250,0,,1,2,3,2,3,5,6,0.305031,0.31769,0.0,0.003341,0.006706,,0,506,14,51,1.0,0.017061,0
2277,0,,1,1,2,2,3,5,7,0.263558,0.275277,0.0,0.001218,0.001789,,0,506,12,74,0.0,0.009067,1
2270,0,,2,2,4,2,3,5,7,0.266141,0.27892,0.0,0.001468,0.002048,,0,506,12,74,1.0,0.010731,0
2146,0,,2,3,5,2,3,5,7,0.266255,0.276577,1e-06,0.001755,0.002358,,0,506,11,100,0.333333,0.011154,0
2287,0,,2,1,3,2,3,5,7,0.256223,0.265523,0.0,0.003357,0.000772,,0,506,3,16,1.0,0.015611,0
1914,0,,2,3,5,2,3,5,7,0.26866,0.279844,1.4e-05,0.001513,0.001675,,0,506,2,12,0.0,0.008918,0
2125,0,,1,1,2,2,3,5,7,0.280864,0.291476,0.0,0.002471,0.002364,,0,506,11,92,0.0,0.012639,0
1989,0,,2,3,5,2,3,5,7,0.281074,0.291969,0.000721,0.000298,0.002367,,0,506,2,79,0.0,0.001865,0
2228,0,,1,1,2,2,3,5,7,0.263725,0.273972,0.0,0.000805,0.000783,,0,506,1,4,0.0,0.004719,0
1946,0,,2,3,5,2,3,5,7,0.286534,0.298895,7e-06,0.000544,0.004366,,0,506,13,72,0.333333,0.004606,0
2028,0,,1,1,2,2,3,5,8,0.236613,0.244506,0.0,0.000215,0.00026,,0,506,6,52,0.0,0.00183,1
2022,0,,1,1,2,2,3,5,8,0.236613,0.244506,0.0,0.000215,0.00026,,0,506,6,52,0.0,0.00183,1
2385,0,,1,1,2,2,3,5,7,0.275151,0.285634,0.0,0.001933,0.002748,,0,506,13,73,0.0,0.013619,0
2208,0,,2,2,4,2,3,5,7,0.2561,0.265727,9e-06,0.00047,0.001365,,0,506,3,70,0.0,0.002322,0
2223,0,,2,3,5,2,3,5,7,0.262395,0.272781,1e-06,0.000345,0.001657,,0,506,11,70,0.5,0.001937,0
2374,0,,2,2,4,2,3,5,7,0.264637,0.275639,0.0,0.002376,0.002419,,0,506,13,65,0.0,0.012352,1
1926,0,,1,2,3,2,3,5,7,0.272331,0.282031,1e-06,0.001267,0.00127,,0,506,2,53,0.0,0.006004,0
2258,0,,2,2,4,2,3,5,7,0.248541,0.257959,7e-06,0.000757,0.000985,,0,506,12,74,0.0,0.005431,0
2116,0,,1,1,2,2,3,5,7,0.257969,0.266625,0.0,0.00093,0.00087,,0,506,14,103,0.0,0.004874,1
2430,0,,2,3,5,2,3,5,7,0.237302,0.244924,1e-06,0.000595,0.00044,,0,506,3,16,0.083333,0.004003,1
2099,0,,2,2,4,2,3,5,7,0.258699,0.26775,1e-05,0.000854,0.000679,,0,506,8,12,0.0,0.004024,0
2410,0,,2,3,5,2,3,5,7,0.284143,0.295817,8e-06,0.003104,0.003477,,0,506,1,1,0.0,0.015046,0
2041,0,,2,3,5,2,3,5,7,0.266028,0.275676,4e-06,0.001123,0.001424,,0,506,2,91,0.0,0.005699,0
2309,0,,1,2,3,2,3,5,7,0.255803,0.264745,1e-06,0.000843,0.001386,,0,506,3,57,0.0,0.00423,0
2170,0,,1,1,2,2,3,5,7,0.258111,0.267159,0.0,0.000439,0.000346,,0,506,11,70,0.0,0.002088,0
2348,0,,1,1,2,2,3,5,7,0.2655,0.274869,0.0,0.001667,0.002292,,0,506,13,92,0.0,0.01126,0
2393,0,,2,2,4,2,3,5,7,0.236568,0.245907,2e-06,0.000243,0.000245,,0,506,1,5,0.0,0.001601,0
2248,0,,2,2,4,2,3,5,7,0.250351,0.258059,5e-06,0.000502,0.000506,,0,506,2,74,0.0,0.00299,0
1965,0,,2,2,4,2,3,5,7,0.261955,0.271562,1e-06,0.000721,0.000803,,0,506,2,91,0.0,0.004782,1
1982,0,,1,2,3,2,3,5,7,0.23618,0.242692,3e-06,0.000142,0.000289,,0,506,2,3,0.0,0.001588,1
2069,0,,2,3,5,2,3,5,8,0.241058,0.248954,6e-06,0.000207,0.000208,,0,506,6,52,0.333333,0.001096,1
2074,0,,1,2,3,2,3,5,7,0.25369,0.261136,6e-06,0.000631,0.000503,,0,506,8,93,0.0,0.002615,0
2400,0,,1,1,2,2,3,5,7,0.24471,0.2517,0.0,0.000497,0.000593,,0,506,15,31,0.0,0.003138,1
2194,0,,2,3,5,2,3,5,7,0.268564,0.278028,0.000203,0.001291,0.001256,,0,506,6,64,0.0,0.006803,0
2045,0,,2,3,5,2,3,5,8,0.218995,0.22605,2.5e-05,5.4e-05,0.000101,,0,506,8,89,0.0,0.000734,0
2062,0,,1,1,2,2,3,5,8,0.183093,0.186494,0.0,2e-06,1e-06,,0,506,6,52,0.0,7.4e-05,1
2060,0,,1,1,2,2,3,5,8,0.183093,0.186494,0.0,2e-06,1e-06,,0,506,6,52,0.0,7.4e-05,0
2409,0,,1,1,2,2,3,5,7,0.241586,0.249398,0.0,0.000411,0.000419,,0,506,3,16,0.0,0.001905,1
2123,0,,2,2,4,2,3,5,7,0.253159,0.260971,1e-06,0.000482,0.000373,,0,506,2,34,0.0,0.001789,0
1962,0,,2,2,4,2,3,5,8,0.192965,0.196914,4e-06,1.2e-05,4e-06,,0,506,97,70,0.0,0.000164,1
1978,0,,2,3,5,2,3,5,7,0.238041,0.24446,7e-06,0.000233,0.000211,,0,506,2,91,0.0,0.00128,0
2230,0,,2,2,4,2,3,5,7,0.25146,0.259617,9e-06,0.000646,0.000786,,0,506,11,100,0.0,0.003864,0
2032,0,,2,2,4,2,3,5,8,0.200139,0.205072,6e-06,7e-06,7e-06,,0,506,1,4,0.0,0.00012,0
1793,0,,3,2,5,3,2,5,6,0.298804,0.317374,1e-06,0.004269,0.004193,,0,506,1,58,0.666667,0.024746,0
1750,0,,2,2,4,3,2,5,6,0.298804,0.317374,0.0,0.004111,0.004193,,0,506,7,1,1.0,0.023792,0
1862,0,,2,1,3,3,2,5,8,0.22169,0.228783,4e-05,0.003684,0.000265,,0,506,12,1,0.0,0.021563,0
1826,0,,5,2,7,3,2,5,7,0.25015,0.258595,2.9e-05,0.004691,0.000618,,0,506,11,27,0.0,0.025732,1
1822,0,,3,2,5,3,2,5,7,0.254482,0.263751,7e-06,0.00421,0.00074,,0,506,1,58,0.333333,0.024312,0
1749,0,,3,2,5,3,2,5,7,0.272291,0.282905,1e-05,0.005327,0.001883,,0,506,1,98,0.333333,0.030376,0
1790,0,,2,2,4,3,2,5,7,0.288497,0.303379,5e-06,0.004995,0.005321,,0,506,13,38,0.0,0.027519,0
1816,0,,2,2,4,3,2,5,6,0.309005,0.324913,3.1e-05,0.00642,0.006646,,0,506,2,38,0.0,0.035863,0
1678,0,,1,1,2,3,2,5,6,0.285834,0.298661,0.0,0.002602,0.002461,,0,506,2,18,0.0,0.014116,0
1602,0,,1,1,2,3,2,5,6,0.285834,0.298661,0.0,0.002602,0.002461,,0,506,2,18,0.0,0.014116,1
1721,0,,2,2,4,3,2,5,7,0.281095,0.292679,3e-06,0.00285,0.003087,,0,506,11,23,0.5,0.016335,0
1726,0,,3,2,5,3,2,5,7,0.235512,0.242276,0.00049,0.002875,0.000172,,0,506,11,23,0.333333,0.016933,0
1673,0,,3,2,5,3,2,5,7,0.294275,0.305803,6e-06,0.004595,0.003388,,0,506,6,96,0.0,0.023679,0
1775,0,,2,2,4,3,2,5,6,0.303352,0.315283,1e-06,0.005939,0.00586,,0,506,15,42,0.0,0.030247,0
1861,0,,2,2,4,3,2,5,6,0.271286,0.283574,0.0,0.004092,0.00413,,0,506,13,16,1.0,0.021506,1
1771,0,,2,1,3,3,2,5,7,0.272827,0.282662,0.0,0.001991,0.001571,,0,506,11,88,1.0,0.010879,0
1787,0,,2,1,3,3,2,5,7,0.274224,0.285208,0.0,0.00335,0.002413,,0,506,7,24,1.0,0.016447,0
1766,0,,3,2,5,3,2,5,7,0.262101,0.271985,1e-06,0.004443,0.001914,,0,506,7,64,0.166667,0.023272,0
1728,0,,2,1,3,3,2,5,7,0.259164,0.26919,0.0,0.00172,0.000496,,0,506,1,5,1.0,0.008357,0
1623,0,,3,2,5,3,2,5,7,0.238647,0.245689,7e-06,0.001322,0.000254,,0,506,2,91,0.0,0.00734,0
1803,0,,2,2,4,3,2,5,7,0.255995,0.267348,0.0,0.000832,0.000709,,0,506,12,74,1.0,0.004319,0
1719,0,,1,1,2,3,2,5,7,0.259164,0.26919,0.0,0.000522,0.000496,,0,506,1,4,0.0,0.003016,1
1814,0,,2,2,4,3,2,5,7,0.258735,0.269565,0.0,0.000686,0.000661,,0,506,12,74,1.0,0.004,0
1851,0,,3,2,5,3,2,5,8,0.22215,0.229646,2e-06,0.00039,0.000295,,0,506,12,22,0.166667,0.002984,0
1781,0,,3,2,5,3,2,5,7,0.253381,0.261052,6e-06,0.002229,0.000748,,0,506,11,26,0.333333,0.01093,0
1684,0,,2,2,4,3,2,5,7,0.256732,0.266065,4e-06,0.000457,0.000512,,0,506,2,12,0.0,0.003079,0
1704,0,,2,2,4,3,2,5,7,0.256223,0.264837,0.00049,0.000771,0.00059,,0,506,8,58,0.0,0.003525,0
1700,0,,3,2,5,3,2,5,7,0.256223,0.264837,0.000499,0.001326,0.00059,,0,506,8,58,0.0,0.005838,0
1690,0,,2,2,4,3,2,5,7,0.264078,0.273499,0.0,0.000924,0.000898,,0,506,6,52,1.0,0.005218,1
1607,0,,2,2,4,3,2,5,7,0.270074,0.27998,3.7e-05,0.001218,0.00139,,0,506,2,5,0.0,0.007347,1
1671,0,,2,1,3,3,2,5,8,0.199171,0.203854,1.1e-05,0.001399,1.1e-05,,0,506,6,3,0.0,0.007569,0
1820,0,,3,2,5,3,2,5,7,0.277556,0.288269,2e-06,0.003705,0.002242,,0,506,13,93,0.0,0.015995,0
1770,0,,2,2,4,3,2,5,7,0.274546,0.285198,0.0,0.002315,0.002169,,0,506,13,86,0.0,0.011944,0
1761,0,,2,2,4,3,2,5,7,0.265538,0.275047,0.00049,0.001667,0.002293,,0,506,13,92,0.0,0.011294,0
1765,0,,2,2,4,3,2,5,7,0.290803,0.304259,1e-06,0.004701,0.004404,,0,506,7,6,0.0,0.023634,1
1668,0,,1,1,2,3,2,5,7,0.236538,0.243041,0.0,0.000173,0.00016,,0,506,6,17,0.0,0.001061,0
1825,0,,2,1,3,3,2,5,7,0.238662,0.246362,0.0,0.000687,0.000393,,0,506,13,65,0.0,0.003219,1
1675,0,,2,2,4,3,2,5,8,0.236777,0.243288,0.000279,0.000153,0.000162,,0,506,1,4,0.0,0.001035,0
1622,0,,3,2,5,3,2,5,8,0.203133,0.207474,0.000499,0.001533,1.4e-05,,0,506,14,45,0.0,0.004632,1
1656,0,,3,2,5,3,2,5,8,0.225736,0.231663,4.1e-05,0.000143,6.8e-05,,0,506,6,58,0.0,0.000764,0
1902,0,,1,1,2,3,2,5,8,0.207936,0.213383,0.0,2.9e-05,9e-05,,0,506,3,16,0.0,0.000346,1
1698,0,,2,2,4,3,2,5,9,0.180318,0.1835,0.00049,1e-06,1e-06,,0,506,8,102,0.0,6.8e-05,0
1512,0,,2,1,3,4,1,5,7,0.300674,0.312288,6.1e-05,0.004773,0.004663,,0,506,14,88,0.0,0.024165,1
1420,0,,3,1,4,4,1,5,8,0.218141,0.223918,4e-06,0.001958,6.5e-05,,0,506,11,45,0.0,0.010929,0
1485,0,,3,1,4,4,1,5,7,0.254707,0.263405,7e-06,0.001629,0.001047,,0,506,8,63,0.0,0.008571,1
1425,0,,4,1,5,4,1,5,7,0.23243,0.240115,5e-06,0.002004,0.00015,,0,506,15,20,0.166667,0.011245,0
1439,0,,2,1,3,4,1,5,7,0.245834,0.253393,1e-06,0.000604,0.000453,,0,506,6,17,0.0,0.003725,1
1543,0,,2,1,3,4,1,5,7,0.244918,0.251747,6e-06,0.000464,0.000264,,0,506,8,88,0.0,0.001385,0
1469,0,,1,1,2,4,1,5,7,0.229779,0.238225,0.0,0.000131,0.000125,,0,506,3,9,0.0,0.000941,0
1395,0,,1,0,1,5,0,5,0,0.0,0.0,0.0,0.002881,0.0,,0,312,13,77,0.0,0.015207,0
1286,0,,3,0,3,5,0,5,0,0.0,0.0,0.0,0.005238,0.0,,0,344,2,68,0.333333,0.029985,0
1394,0,,1,0,1,5,0,5,0,0.0,0.0,0.0,0.001218,0.0,,0,419,12,74,0.0,0.009067,0
1390,0,,4,0,4,5,0,5,0,0.0,0.0,0.0,0.004953,0.0,,0,115,3,74,0.75,0.01928,0
1385,0,,3,0,3,5,0,5,0,0.0,0.0,0.0,0.003825,0.0,,0,243,3,16,1.0,0.02055,0
1319,0,,1,0,1,5,0,5,0,0.0,0.0,0.0,0.000282,0.0,,0,175,14,72,0.0,0.002659,0
1242,0,,1,0,1,5,0,5,0,0.0,0.0,0.0,0.001201,0.0,,0,185,14,103,0.0,0.006528,0
1397,0,,2,0,2,5,0,5,0,0.0,0.0,0.0,0.000778,0.0,,0,113,3,16,0.0,0.00293,0
1231,0,,1,0,1,5,0,5,0,0.0,0.0,0.0,0.000367,0.0,,0,332,2,20,0.0,0.000963,1
1223,0,,1,0,1,5,0,5,0,0.0,0.0,0.0,0.000367,0.0,,0,331,2,20,0.0,0.000963,0
1217,0,,1,0,1,5,0,5,0,0.0,0.0,0.0,0.000367,0.0,,0,329,2,20,0.0,0.000963,0
1215,0,,1,0,1,5,0,5,0,0.0,0.0,0.0,0.000367,0.0,,0,328,2,20,0.0,0.000963,0
1211,0,,1,0,1,5,0,5,0,0.0,0.0,0.0,0.000367,0.0,,0,327,2,20,0.0,0.000963,1
1213,0,,1,0,1,5,0,5,0,0.0,0.0,0.0,0.000367,0.0,,0,326,2,20,0.0,0.000963,0
1277,0,,3,0,3,5,0,5,0,0.0,0.0,0.0,0.002278,0.0,,0,239,2,52,0.0,0.011617,1
1391,0,,1,0,1,5,0,5,0,0.0,0.0,0.0,0.001582,0.0,,0,191,2,41,0.0,0.006058,-1
1296,0,,1,0,1,5,0,5,0,0.0,0.0,0.0,0.00047,0.0,,0,44,14,63,0.0,0.002234,1
1321,0,,4,0,4,5,0,5,0,0.0,0.0,0.0,0.002747,0.0,,0,233,14,74,0.166667,0.009168,0
1341,0,,2,0,2,5,0,5,0,0.0,0.0,0.0,0.000624,0.0,,0,75,1,89,0.0,0.00275,0
1345,0,,1,0,1,5,0,5,0,0.0,0.0,0.0,4.2e-05,0.0,,0,416,12,74,0.0,0.000247,-1
1384,0,,1,0,1,5,0,5,0,0.0,0.0,0.0,0.000565,0.0,,0,404,14,75,0.0,0.003258,-1
3516,0,,9,4,13,0,6,6,7,0.281581,0.294069,0.00011,0.010065,0.002417,,0,506,2,91,0.069444,0.051489,1
4934,0,,8,6,14,0,6,6,7,0.296886,0.309681,0.000502,0.011854,0.007297,,0,506,11,63,0.232143,0.060325,0
3329,0,,1,1,2,1,5,6,6,0.293514,0.312147,0.0,0.003555,0.003539,,0,506,1,1,0.0,0.02022,0
3341,0,,1,1,2,1,5,6,6,0.293514,0.312147,0.0,0.003555,0.003539,,0,506,1,1,0.0,0.02022,0
3119,0,,1,1,2,1,5,6,7,0.263558,0.275277,0.0,0.001218,0.001789,,0,506,12,74,0.0,0.009067,0
3410,0,,1,3,4,1,5,6,7,0.284618,0.297912,0.0,0.002701,0.002751,,0,506,3,16,0.833333,0.011728,0
3451,0,,1,1,2,1,5,6,7,0.250317,0.259041,0.0,0.002701,0.000796,,0,506,3,16,1.0,0.011728,0
2602,0,,1,1,2,1,5,6,8,0.236613,0.244506,0.0,0.000215,0.00026,,0,506,6,52,0.0,0.00183,0
3081,0,,1,1,2,1,5,6,7,0.238389,0.246353,0.0,0.000249,0.000245,,0,506,12,74,0.0,0.001403,0
2611,0,,1,1,2,1,5,6,7,0.246822,0.253842,0.0,0.000388,0.000264,,0,506,8,91,0.0,0.001601,0
2462,0,,1,1,2,1,5,6,7,0.232993,0.240056,0.0,0.000174,0.000154,,0,506,6,26,0.0,0.001087,0
2832,0,,1,1,2,1,5,6,8,0.240949,0.247799,0.0,0.000443,0.00023,,0,506,11,63,0.0,0.001372,1
3165,0,,1,1,2,1,5,6,7,0.240872,0.248624,0.0,0.000356,0.000382,,0,506,13,11,0.0,0.002005,0
2649,0,,1,1,2,1,5,6,9,0.174458,0.17778,0.0,3e-06,8e-06,,0,506,97,70,0.0,9.7e-05,1
3058,0,,1,1,2,1,5,6,8,0.206628,0.211283,0.0,3.7e-05,1.5e-05,,0,506,14,88,0.0,0.000121,0
2615,0,,1,1,2,1,5,6,7,0.231941,0.237649,0.0,0.000125,0.000166,,0,506,11,70,0.0,0.000884,0
2724,0,,1,1,2,1,5,6,7,0.228045,0.233745,0.0,8e-05,9.3e-05,,0,506,8,9,0.0,0.000563,0
3388,0,,1,1,2,1,5,6,1,1.0,1.0,0.0,0.0,0.0,,1,532,109,95,0.0,2.8e-05,0
2748,0,,1,1,2,1,5,6,7,0.270854,0.280825,0.0,0.001485,0.001789,,0,506,11,97,0.0,0.00942,-1
2378,0,,2,2,4,2,4,6,6,0.302861,0.321924,1e-05,0.005282,0.005378,,0,506,1,1,0.0,0.029442,1
2271,0,,2,2,4,2,4,6,6,0.296135,0.314954,6e-06,0.00418,0.004085,,0,506,13,1,0.0,0.023155,0
2261,0,,2,4,6,2,4,6,6,0.302763,0.322129,0.000194,0.003805,0.004078,,0,506,12,74,0.25,0.021884,0
2177,0,,2,3,5,2,4,6,6,0.298186,0.317792,2.6e-05,0.004597,0.004721,,0,506,1,98,0.666667,0.025978,1
2152,0,,2,3,5,2,4,6,6,0.301254,0.320452,4e-06,0.003992,0.005289,,0,506,3,74,0.666667,0.022816,0
2404,0,,1,1,2,2,4,6,6,0.301133,0.312125,0.0,0.003788,0.0041,,0,506,8,13,0.0,0.021127,0
2333,0,,2,2,4,2,4,6,6,0.292529,0.309256,0.0,0.006616,0.005974,,0,506,13,44,1.0,0.031021,0
2320,0,,2,3,5,2,4,6,7,0.284079,0.299237,0.0,0.001436,0.005107,,0,506,12,74,1.0,0.010501,0
2253,0,,2,2,4,2,4,6,6,0.282515,0.297078,2e-06,0.003947,0.003368,,0,506,13,44,0.5,0.017737,0
2122,0,,2,2,4,2,4,6,7,0.302617,0.315321,0.0,0.005484,0.005479,,0,506,13,23,1.0,0.028647,0
2204,0,,2,2,4,2,4,6,7,0.295132,0.306706,3e-06,0.003558,0.003439,,0,506,1,24,0.0,0.018222,1
2284,0,,1,2,3,2,4,6,7,0.266141,0.27892,0.0,0.001218,0.002048,,0,506,12,74,1.0,0.009067,0
2278,0,,2,3,5,2,4,6,7,0.266179,0.279098,0.0,0.001468,0.00213,,0,506,12,74,0.666667,0.010731,1
2118,0,,2,3,5,2,4,6,7,0.278505,0.290491,4e-06,0.001244,0.001624,,0,506,1,70,0.666667,0.006807,0
2317,0,,1,2,3,2,4,6,6,0.291007,0.302526,3e-06,0.003402,0.002767,,0,506,8,88,0.0,0.013319,0
2098,0,,2,2,4,2,4,6,7,0.25938,0.269639,0.000368,0.000522,0.000498,,0,506,1,4,0.0,0.003071,0
2403,0,,1,1,2,2,4,6,6,0.281645,0.293533,0.0,0.003034,0.001359,,0,506,13,8,0.0,0.007084,0
2398,0,,2,4,6,2,4,6,7,0.238511,0.246953,0.000228,0.000337,0.000414,,0,506,12,74,0.166667,0.001913,1
2068,0,,2,4,6,2,4,6,6,0.267109,0.27804,1.5e-05,0.000916,0.001068,,0,506,8,52,0.166667,0.004394,0
2043,0,,2,2,4,2,4,6,7,0.268795,0.279737,0.0,0.00124,0.001541,,0,506,6,3,1.0,0.009087,0
2066,0,,2,2,4,2,4,6,7,0.263762,0.273404,5e-06,0.000577,0.000562,,0,506,11,4,0.0,0.00346,0
2299,0,,2,3,5,2,4,6,7,0.292963,0.306319,1e-06,0.001904,0.005662,,0,506,7,50,0.333333,0.009939,0
2224,0,,2,2,4,2,4,6,7,0.2501,0.257757,7e-06,0.000679,0.000452,,0,506,11,88,0.0,0.002464,1
2009,0,,2,3,5,2,4,6,7,0.241259,0.248133,3e-06,0.000141,0.000138,,0,506,1,52,0.166667,0.000461,0
2010,0,,2,2,4,2,4,6,8,0.22705,0.233179,1e-06,0.000118,0.000195,,0,506,2,3,0.0,0.001231,1
1931,0,,2,4,6,2,4,6,7,0.236225,0.244074,3.5e-05,7.9e-05,0.000191,,0,506,6,64,0.0,0.000575,0
2202,0,,1,3,4,2,4,6,7,0.243422,0.250854,1e-06,0.000243,0.000337,,0,506,3,56,0.0,0.000696,0
1953,0,,1,1,2,2,4,6,8,0.21674,0.222547,0.0,4.2e-05,3.8e-05,,0,506,6,89,0.0,0.000316,0
2100,0,,2,2,4,2,4,6,7,0.236792,0.243327,0.000127,0.000185,0.000304,,0,506,97,70,0.0,0.001414,0
2174,0,,2,2,4,2,4,6,7,0.258432,0.267893,1e-06,0.001439,0.001899,,0,506,7,86,0.0,0.010299,0
2359,0,,1,1,2,2,4,6,8,0.205958,0.2112,0.0,3e-05,8.9e-05,,0,506,12,74,0.0,0.000516,1
1881,0,,2,2,4,3,3,6,6,0.293583,0.31237,0.0,0.003647,0.003633,,0,506,1,1,1.0,0.020824,0
1877,0,,2,2,4,3,3,6,6,0.29497,0.31386,1.3e-05,0.003812,0.003796,,0,506,1,1,0.0,0.021614,0
1900,0,,3,3,6,3,3,6,6,0.309209,0.328699,1.4e-05,0.00719,0.005539,,0,506,13,41,0.833333,0.03052,0
1885,0,,3,3,6,3,3,6,6,0.299018,0.317836,0.0,0.004562,0.004701,,0,506,1,65,0.666667,0.02643,0
1886,0,,3,3,6,3,3,6,6,0.295808,0.314652,0.0,0.003971,0.003965,,0,506,1,5,0.666667,0.022497,0
1875,0,,3,3,6,3,3,6,6,0.306779,0.325193,9e-06,0.005417,0.00536,,0,506,13,22,0.333333,0.030011,1
1846,0,,3,3,6,3,3,6,6,0.306628,0.326426,4.1e-05,0.006118,0.006279,,0,506,15,65,0.333333,0.034914,0
1843,0,,3,3,6,3,3,6,6,0.319956,0.340197,4.1e-05,0.009147,0.00951,,0,506,13,1,0.333333,0.051288,0
1842,0,,2,2,4,3,3,6,6,0.301642,0.320354,0.0,0.004994,0.004884,,0,506,11,1,1.0,0.027311,0
1840,0,,3,3,6,3,3,6,6,0.314425,0.333622,3.3e-05,0.008079,0.007185,,0,506,13,1,0.166667,0.038804,1
1839,0,,2,2,4,3,3,6,6,0.315006,0.33533,3.8e-05,0.007373,0.007724,,0,506,13,1,0.0,0.041967,0
1835,0,,3,3,6,3,3,6,6,0.323799,0.345009,6.8e-05,0.011234,0.01145,,0,506,7,1,0.166667,0.061655,0
1742,0,,3,3,6,3,3,6,6,0.304461,0.323819,0.0,0.00508,0.005111,,0,506,1,4,1.0,0.029241,0
1720,0,,3,3,6,3,3,6,6,0.300048,0.319153,0.000113,0.004831,0.004883,,0,506,6,52,0.0,0.027216,0
1708,0,,3,3,6,3,3,6,6,0.299616,0.318989,2.6e-05,0.004836,0.004793,,0,506,2,102,0.666667,0.027429,0
1693,0,,3,3,6,3,3,6,6,0.301691,0.313073,0.000138,0.003934,0.004379,,0,506,2,52,0.0,0.022698,0
1635,0,,3,3,6,3,3,6,6,0.30456,0.316164,5.8e-05,0.004247,0.00458,,0,506,2,17,0.0,0.024016,1
1818,0,,1,1,2,3,3,6,7,0.278525,0.292764,0.0,0.003818,0.004185,,0,506,13,38,0.0,0.021747,0
1834,0,,2,2,4,3,3,6,6,0.285203,0.301068,0.0,0.006183,0.006476,,0,506,13,38,1.0,0.034031,0
1832,0,,2,2,4,3,3,6,7,0.289344,0.305878,0.0,0.006813,0.007222,,0,506,13,38,1.0,0.037298,0
1853,0,,3,3,6,3,3,6,7,0.287678,0.302278,3e-06,0.005704,0.005847,,0,506,15,30,0.333333,0.030163,0
1815,0,,3,3,6,3,3,6,7,0.288186,0.303105,7e-06,0.005263,0.005679,,0,506,13,10,0.166667,0.029664,0
1621,0,,2,2,4,3,3,6,6,0.285878,0.298839,0.00041,0.00261,0.002463,,0,506,2,96,0.0,0.014152,0
1737,0,,3,3,6,3,3,6,6,0.295715,0.309786,1.6e-05,0.004373,0.004709,,0,506,11,100,0.0,0.026356,0
1642,0,,3,3,6,3,3,6,6,0.289724,0.303416,3.4e-05,0.003305,0.003167,,0,506,2,4,0.333333,0.018346,1
1872,0,,1,1,2,3,3,6,7,0.276185,0.288789,0.0,0.002995,0.003037,,0,506,13,67,0.0,0.015551,1
1819,0,,2,2,4,3,3,6,7,0.283842,0.298793,0.0,0.004213,0.004826,,0,506,12,74,1.0,0.024618,1
1854,0,,2,2,4,3,3,6,7,0.276572,0.289412,8e-06,0.003039,0.003168,,0,506,12,74,0.0,0.016235,0
1782,0,,1,1,2,3,3,6,7,0.279148,0.292463,0.0,0.003716,0.003646,,0,506,15,37,0.0,0.019042,1
1768,0,,1,1,2,3,3,6,7,0.279148,0.292463,0.0,0.003716,0.003646,,0,506,15,37,0.0,0.019042,1
1784,0,,3,3,6,3,3,6,6,0.294229,0.309803,1.4e-05,0.007229,0.006869,,0,506,11,65,0.0,0.036572,0
1731,0,,3,3,6,3,3,6,6,0.297712,0.31281,7e-06,0.008433,0.008549,,0,506,11,100,0.666667,0.044913,0
1788,0,,3,3,6,3,3,6,6,0.303844,0.320172,0.0,0.009022,0.007831,,0,506,13,44,1.0,0.041325,0
1797,0,,2,2,4,3,3,6,6,0.299928,0.311965,0.0,0.004768,0.005992,,0,506,14,42,0.666667,0.023734,0
1887,0,,2,2,4,3,3,6,7,0.301206,0.3132,1.7e-05,0.004894,0.00481,,0,506,1,58,0.0,0.024999,0
1755,0,,3,3,6,3,3,6,7,0.30693,0.319334,1.3e-05,0.006707,0.0066,,0,506,7,98,0.333333,0.034851,1
1754,0,,3,3,6,3,3,6,7,0.304164,0.31686,1e-06,0.007885,0.006492,,0,506,14,98,0.583333,0.03906,1
1817,0,,1,1,2,3,3,6,7,0.263558,0.275277,0.0,0.001218,0.001789,,0,506,12,74,0.0,0.009067,0
1831,0,,3,3,6,3,3,6,7,0.264899,0.27698,0.000505,0.001253,0.001866,,0,506,13,49,0.0,0.009319,0
1828,0,,3,3,6,3,3,6,7,0.276307,0.29028,1.1e-05,0.002049,0.002484,,0,506,12,74,0.666667,0.013126,0
1730,0,,2,2,4,3,3,6,7,0.287876,0.299157,0.0,0.003417,0.003708,,0,506,11,100,1.0,0.019836,0
1906,0,,3,3,6,3,3,6,7,0.28566,0.299215,0.0,0.003705,0.003206,,0,506,3,16,1.0,0.015844,0
1664,0,,1,1,2,3,3,6,7,0.26728,0.278016,0.0,0.001478,0.001507,,0,506,2,68,0.0,0.008641,0
1640,0,,2,2,4,3,3,6,7,0.267566,0.278563,0.000162,0.001487,0.001511,,0,506,2,52,0.0,0.008739,0
1735,0,,1,1,2,3,3,6,7,0.280864,0.291476,0.0,0.002471,0.002364,,0,506,11,92,0.0,0.012639,0
1800,0,,1,1,2,3,3,6,7,0.263725,0.273972,0.0,0.000805,0.000783,,0,506,1,4,0.0,0.004719,1
1601,0,,3,3,6,3,3,6,6,0.262781,0.272823,4.4e-05,0.001118,0.001144,,0,506,2,11,0.166667,0.006654,0
1792,0,,3,3,6,3,3,6,7,0.282281,0.294483,3e-06,0.004506,0.004197,,0,506,13,40,0.0,0.022288,0
1764,0,,3,3,6,3,3,6,7,0.291732,0.303187,0.00049,0.003883,0.003504,,0,506,7,28,0.333333,0.01911,0
1876,0,,2,2,4,3,3,6,7,0.281264,0.293593,0.0,0.003981,0.004206,,0,506,13,31,1.0,0.021336,1
1774,0,,3,3,6,3,3,6,6,0.272271,0.283329,2e-06,0.003487,0.0037,,0,506,13,100,0.666667,0.01874,1
1833,0,,3,3,6,3,3,6,7,0.289388,0.30188,3e-06,0.004831,0.004501,,0,506,15,28,0.0,0.023118,0
1863,0,,2,2,4,3,3,6,7,0.278442,0.290003,0.0,0.003048,0.003129,,0,506,13,31,0.0,0.015799,0
1717,0,,2,2,4,3,3,6,6,0.284036,0.295196,5e-06,0.002789,0.00271,,0,506,14,103,0.0,0.014971,1
1600,0,,2,2,4,3,3,6,6,0.279815,0.290388,0.0,0.002296,0.002325,,0,506,2,71,1.0,0.012879,0
1618,0,,3,3,6,3,3,6,7,0.284445,0.294981,1.9e-05,0.002612,0.002759,,0,506,8,20,0.0,0.014584,0
1795,0,,3,3,6,3,3,6,7,0.279961,0.291654,8e-06,0.003048,0.003193,,0,506,2,61,0.0,0.01606,1
1779,0,,3,3,6,3,3,6,7,0.286665,0.29817,5e-06,0.004028,0.004086,,0,506,13,86,0.333333,0.020798,0
1783,0,,3,3,6,3,3,6,7,0.275799,0.28705,2e-06,0.00303,0.003358,,0,506,13,98,0.0,0.016595,0
1729,0,,1,1,2,3,3,6,7,0.268698,0.278207,0.0,0.001048,0.001089,,0,506,2,75,0.0,0.005672,0
1827,0,,1,2,3,3,3,6,8,0.234056,0.243194,0.0,0.00025,0.000341,,0,506,12,74,0.5,0.001664,0
1805,0,,2,2,4,3,3,6,7,0.255873,0.265834,2e-05,0.00084,0.000638,,0,506,12,74,0.0,0.003639,0
1667,0,,2,2,4,3,3,6,7,0.251764,0.259611,2.2e-05,0.000478,0.000594,,0,506,6,89,0.0,0.003717,0
1809,0,,2,2,4,3,3,6,7,0.291482,0.305536,0.0,0.005948,0.005817,,0,506,7,84,1.0,0.030613,0
1657,0,,3,3,6,3,3,6,7,0.259811,0.270266,0.000206,0.000533,0.000508,,0,506,6,17,0.0,0.003158,0
1893,0,,3,3,6,3,3,6,6,0.283284,0.29561,3e-06,0.003789,0.002042,,0,506,13,58,0.333333,0.010673,0
1614,0,,1,2,3,3,3,6,7,0.238465,0.246611,2.8e-05,0.000367,0.000318,,0,506,2,74,0.0,0.000963,0
1662,0,,3,3,6,3,3,6,7,0.269278,0.279528,0.000248,0.001767,0.001711,,0,506,2,52,0.0,0.009698,0
1866,0,,2,2,4,3,3,6,7,0.254137,0.264351,0.000264,0.000582,0.000521,,0,506,12,74,0.0,0.003054,0
1804,0,,3,3,6,3,3,6,7,0.258556,0.269203,0.000497,0.000721,0.000534,,0,506,97,70,0.0,0.00323,0
1758,0,,3,3,6,3,3,6,7,0.282686,0.29453,6e-06,0.002977,0.003158,,0,506,1,98,0.333333,0.017368,1
1838,0,,3,3,6,3,3,6,7,0.272291,0.282775,0.000499,0.001307,0.001354,,0,506,13,11,0.0,0.007456,1
1648,0,,2,2,4,3,3,6,7,0.245898,0.253053,1e-06,0.000364,0.00056,,0,506,2,9,0.5,0.003277,0
1660,0,,3,3,6,3,3,6,7,0.258646,0.267932,4.8e-05,0.000862,0.00068,,0,506,6,102,0.0,0.004186,1
1616,0,,2,2,4,3,3,6,7,0.263892,0.272914,7e-06,0.000988,0.000899,,0,506,8,45,0.0,0.00525,1
1884,0,,3,3,6,3,3,6,7,0.272549,0.283696,1.8e-05,0.001768,0.001709,,0,506,1,5,0.0,0.009116,1
1880,0,,3,3,6,3,3,6,6,0.270737,0.281643,3.5e-05,0.001828,0.001896,,0,506,15,72,0.333333,0.009811,0
1889,0,,3,3,6,3,3,6,7,0.284381,0.29628,1.7e-05,0.004051,0.003616,,0,506,13,10,0.333333,0.018217,0
1706,0,,1,1,2,3,3,6,7,0.267299,0.276453,0.0,0.001419,0.001255,,0,506,11,87,0.0,0.006707,0
1777,0,,3,3,6,3,3,6,7,0.275758,0.286408,3e-06,0.00255,0.002633,,0,506,2,72,0.0,0.013425,0
1738,0,,2,2,4,3,3,6,7,0.260733,0.270181,1e-06,0.001414,0.001759,,0,506,3,57,0.0,0.008851,0
1659,0,,3,3,6,3,3,6,7,0.256398,0.265335,5e-06,0.000723,0.000676,,0,506,2,52,0.333333,0.003976,0
1644,0,,2,2,4,3,3,6,7,0.25765,0.265502,9e-06,0.000832,0.000902,,0,506,8,58,0.0,0.004753,0
1852,0,,1,1,2,3,3,6,7,0.263855,0.273724,0.0,0.000937,0.00091,,0,506,14,40,0.0,0.005099,0
1685,0,,2,2,4,3,3,6,7,0.27805,0.288213,2e-06,0.001936,0.00177,,0,506,14,34,0.0,0.009612,0
1647,0,,3,3,6,3,3,6,7,0.266406,0.276702,3e-06,0.001459,0.001268,,0,506,14,9,0.333333,0.007288,1
1692,0,,2,2,4,3,3,6,7,0.246513,0.253815,2e-05,0.000444,0.000462,,0,506,1,83,0.0,0.002679,1
1845,0,,1,1,2,3,3,6,7,0.235809,0.244502,0.0,0.000151,0.000144,,0,506,1,4,0.0,0.000962,0
1841,0,,2,2,4,3,3,6,7,0.285812,0.29962,1e-06,0.002611,0.00496,,0,506,13,33,0.333333,0.011084,0
1696,0,,3,2,5,3,3,6,7,0.22923,0.2356,5e-05,0.003982,8e-05,,0,506,2,102,0.0,0.020191,0
1855,0,,3,3,6,3,3,6,7,0.251493,0.26073,2e-06,0.000865,0.000681,,0,506,12,74,0.0,0.003728,1
1722,0,,1,1,2,3,3,6,7,0.240825,0.246905,0.0,0.000298,0.00027,,0,506,11,79,0.0,0.001457,0
1617,0,,1,1,2,3,3,6,7,0.240825,0.246905,0.0,0.000298,0.00027,,0,506,11,79,0.0,0.001457,1
1892,0,,1,1,2,3,3,6,7,0.215283,0.220849,0.0,6.3e-05,5.4e-05,,0,506,1,5,0.0,0.000289,0
1789,0,,2,2,4,3,3,6,7,0.275677,0.286157,1e-06,0.001999,0.001953,,0,506,13,45,0.0,0.010239,0
1653,0,,2,2,4,3,3,6,7,0.233022,0.240233,0.00049,0.000174,0.000154,,0,506,6,26,0.0,0.001116,0
1695,0,,3,3,6,3,3,6,7,0.257685,0.26703,1e-05,0.000575,0.000628,,0,506,13,48,0.0,0.003583,0
1727,0,,2,2,4,3,3,6,7,0.265331,0.274803,1e-06,0.001204,0.001246,,0,506,2,34,0.0,0.006752,-1
1624,0,,3,3,6,3,3,6,7,0.245866,0.25312,2.1e-05,0.000452,0.000449,,0,506,2,0,0.0,0.002489,0
1645,0,,1,1,2,3,3,6,8,0.198643,0.203288,0.0,1.9e-05,9e-06,,0,506,97,70,0.0,0.000187,1
1864,0,,3,3,6,3,3,6,7,0.255019,0.264769,0.00049,0.00085,0.001004,,0,506,15,30,0.0,0.005453,0
1739,0,,1,1,2,3,3,6,7,0.256416,0.265341,0.0,0.000581,0.000677,,0,506,1,63,0.0,0.003768,1
1802,0,,2,2,4,3,3,6,7,0.261498,0.271231,0.0,0.001021,0.001073,,0,506,1,28,0.0,0.005639,1
1612,0,,2,2,4,3,3,6,7,0.226912,0.23328,8e-06,9e-05,9.7e-05,,0,506,6,63,0.0,0.000603,0
1669,0,,2,2,4,3,3,6,7,0.218293,0.224406,2e-06,5.3e-05,5.3e-05,,0,506,6,89,0.0,0.000422,0
1626,0,,2,2,4,3,3,6,8,0.210506,0.215925,0.000165,3.5e-05,4.4e-05,,0,506,6,89,0.0,0.000376,0
1857,0,,2,2,4,3,3,6,7,0.237062,0.243664,0.00049,0.000303,0.000303,,0,506,13,30,0.0,0.001628,0
1630,0,,3,3,6,3,3,6,7,0.240239,0.24883,9e-06,0.000279,0.000302,,0,506,14,20,0.0,0.001946,0
1878,0,,3,3,6,3,3,6,7,0.248244,0.257449,3e-06,0.000502,0.000468,,0,506,15,72,0.0,0.002646,0
1652,0,,2,2,4,3,3,6,7,0.249617,0.257872,1e-06,0.000342,0.000286,,0,506,2,26,0.0,0.00174,0
1627,0,,2,2,4,3,3,6,7,0.239287,0.245502,6e-06,0.0002,0.000109,,0,506,6,52,0.0,0.00074,0
1699,0,,1,1,2,3,3,6,7,0.237047,0.243589,0.0,0.000165,0.000196,,0,506,2,28,0.0,0.001134,0
1798,0,,2,2,4,3,3,6,7,0.251629,0.260412,1e-06,0.000372,0.000333,,0,506,1,1,0.0,0.001889,0
1710,0,,3,3,6,3,3,6,7,0.234056,0.243128,0.00049,0.000128,0.000127,,0,506,1,4,0.0,0.000868,0
1677,0,,1,1,2,3,3,6,8,0.191281,0.194956,0.0,6e-06,4e-06,,0,506,6,89,0.0,7.8e-05,0
1686,0,,3,3,6,3,3,6,8,0.209669,0.215687,0.00072,3e-05,9e-06,,0,506,6,89,0.0,0.000169,0
1701,0,,3,3,6,3,3,6,7,0.232372,0.23992,1.7e-05,0.000129,0.000189,,0,506,6,17,0.0,0.001169,0
1823,0,,1,1,2,3,3,6,7,0.240949,0.249021,0.0,0.000365,0.000387,,0,506,13,78,0.0,0.002079,0
1897,0,,1,1,2,3,3,6,8,0.210742,0.21582,0.0,3.3e-05,3.3e-05,,0,506,3,16,0.0,0.000153,0
1799,0,,1,1,2,3,3,6,8,0.215036,0.221027,0.0,4.6e-05,3.2e-05,,0,506,1,4,0.0,0.000278,-1
1869,0,,3,3,6,3,3,6,8,0.216702,0.223178,0.000229,0.000148,0.000146,,0,506,14,74,0.166667,0.000854,0
1745,0,,1,1,2,3,3,6,8,0.225791,0.232177,0.0,0.000133,0.00013,,0,506,11,100,0.0,0.000747,0
1631,0,,1,1,2,3,3,6,8,0.205158,0.209704,0.0,3.3e-05,2.9e-05,,0,506,7,86,0.0,0.000212,0
1650,0,,1,1,2,3,3,6,7,0.248096,0.257222,0.0,0.000429,0.000675,,0,506,6,3,0.0,0.004138,-1
1663,0,,1,1,2,3,3,6,7,0.248096,0.257222,0.0,0.000429,0.000675,,0,506,6,3,0.0,0.004138,0
1670,0,,1,1,2,3,3,6,7,0.248096,0.257222,0.0,0.000429,0.000675,,0,506,6,3,0.0,0.004138,0
1672,0,,1,1,2,3,3,6,7,0.248096,0.257222,0.0,0.000429,0.000675,,0,506,6,3,0.0,0.004138,0
1520,0,,1,2,3,4,2,6,6,0.298875,0.318352,0.0,0.003555,0.004497,,0,506,1,1,1.0,0.02022,0
1576,0,,2,1,3,4,2,6,7,0.278525,0.292764,0.0,0.005071,0.004185,,0,506,15,38,1.0,0.028925,0
1551,0,,2,1,3,4,2,6,7,0.262616,0.271871,2e-06,0.004142,0.000931,,0,506,11,65,0.0,0.020796,1
1470,0,,2,1,3,4,2,6,7,0.261936,0.270579,1e-06,0.003938,0.001143,,0,506,2,23,0.5,0.022126,1
1562,0,,4,2,6,4,2,6,6,0.311653,0.324495,6e-06,0.011006,0.007907,,0,506,15,30,0.5,0.056631,0
1501,0,,3,2,5,4,2,6,7,0.267719,0.27791,6e-06,0.004403,0.001072,,0,506,14,53,0.0,0.02334,0
1552,0,,2,2,4,4,2,6,7,0.282878,0.294481,0.0,0.003258,0.002341,,0,506,13,52,1.0,0.01207,0
1429,0,,1,1,2,4,2,6,7,0.268698,0.278207,0.0,0.001048,0.001089,,0,506,2,75,0.0,0.005672,0
1554,0,,3,2,5,4,2,6,7,0.259811,0.27009,0.0,0.001133,0.000926,,0,506,3,16,0.666667,0.0061,0
1593,0,,2,1,3,4,2,6,7,0.254534,0.263538,0.0,0.001006,0.000453,,0,506,3,16,1.0,0.004236,0
1592,0,,2,2,4,4,2,6,7,0.256275,0.26562,2e-06,0.001531,0.000507,,0,506,13,24,0.0,0.008296,0
1441,0,,2,2,4,4,2,6,7,0.25077,0.259924,0.0,0.000503,0.000743,,0,506,2,3,1.0,0.004613,0
1451,0,,4,2,6,4,2,6,8,0.217571,0.223522,0.000491,0.00012,5e-05,,0,506,1,3,0.0,0.000764,0
1225,0,,2,1,3,5,1,6,6,0.301133,0.312125,2e-06,0.004155,0.0041,,0,506,2,20,0.0,0.02209,1
1311,0,,2,1,3,5,1,6,7,0.300674,0.312288,0.0,0.004991,0.004663,,0,506,14,49,1.0,0.025694,0
1301,0,,2,1,3,5,1,6,6,0.290218,0.301428,0.0,0.005046,0.002485,,0,506,11,36,1.0,0.021481,0
1297,0,,3,1,4,5,1,6,8,0.194155,0.198134,0.000157,0.003584,1e-06,,0,506,14,89,0.333333,0.020139,0
1214,0,,3,1,4,5,1,6,7,0.231768,0.238891,2e-06,0.002255,0.000141,,0,506,2,71,0.0,0.012415,1
1219,0,,2,1,3,5,1,6,7,0.251815,0.259521,0.0,0.000872,0.000509,,0,506,2,20,0.0,0.003755,0
1389,0,,1,1,2,5,1,6,1,1.0,1.0,0.0,0.0,0.0,,1,532,109,95,0.0,2.8e-05,0
1176,0,,7,0,7,6,0,6,0,0.0,0.0,0.0,0.003092,0.0,,0,10,12,74,0.047619,0.016879,1
1205,0,,4,0,4,6,0,6,0,0.0,0.0,0.0,0.004339,0.0,,0,63,3,16,0.416667,0.017693,0
1138,0,,4,0,4,6,0,6,0,0.0,0.0,0.0,0.008506,0.0,,0,279,7,98,0.416667,0.040131,0
1155,0,,3,0,3,6,0,6,0,0.0,0.0,0.0,0.003198,0.0,,0,85,14,30,0.166667,0.017326,0
1200,0,,3,0,3,6,0,6,0,0.0,0.0,0.0,0.000972,0.0,,0,138,13,16,0.333333,0.005213,0
1204,0,,2,0,2,6,0,6,0,0.0,0.0,0.0,0.000451,0.0,,0,141,3,16,0.0,0.001948,0
1097,0,,1,0,1,6,0,6,0,0.0,0.0,0.0,0.000367,0.0,,0,334,2,20,0.0,0.000963,0
1092,0,,1,0,1,6,0,6,0,0.0,0.0,0.0,0.000367,0.0,,0,333,2,20,0.0,0.000963,1
1110,0,,2,0,2,6,0,6,0,0.0,0.0,0.0,8e-05,0.0,,0,30,97,70,0.0,0.000583,0
1206,0,,1,0,1,6,0,6,0,0.0,0.0,0.0,0.000447,0.0,,0,121,3,16,0.0,0.002355,1
1203,0,,1,0,1,6,0,6,0,0.0,0.0,0.0,0.000447,0.0,,0,120,3,16,0.0,0.002355,0
988,0,,6,8,14,7,-1,6,6,0.319683,0.335713,0.00022,0.006804,0.010998,,0,506,6,48,0.089286,0.035658,1
2844,0,,1,3,4,1,6,7,6,0.303745,0.323294,4.5e-05,0.003555,0.005427,,0,506,7,12,0.0,0.02022,0
3041,0,,1,2,3,1,6,7,7,0.263595,0.275455,0.000228,0.001218,0.00179,,0,506,12,74,0.0,0.009067,0
2249,0,,1,1,2,2,5,7,6,0.293514,0.312147,0.0,0.003555,0.003539,,0,506,1,1,0.0,0.02022,0
2227,0,,1,1,2,2,5,7,6,0.293514,0.312147,0.0,0.003555,0.003539,,0,506,1,1,0.0,0.02022,0
2401,0,,2,2,4,2,5,7,6,0.306578,0.326248,2.4e-05,0.00592,0.005831,,0,506,1,1,0.0,0.032504,1
2334,0,,2,2,4,2,5,7,6,0.315006,0.33533,3.8e-05,0.007373,0.007724,,0,506,1,1,0.0,0.041967,1
2090,0,,2,5,7,2,5,7,6,0.310825,0.331808,0.000624,0.003567,0.0059,,0,506,97,70,0.1,0.020333,1
2346,0,,1,1,2,2,5,7,7,0.278525,0.292764,0.0,0.003818,0.004185,,0,506,13,38,0.0,0.021747,0
2211,0,,1,1,2,2,5,7,7,0.279148,0.292463,0.0,0.003716,0.003646,,0,506,15,37,0.0,0.019042,0
2389,0,,2,1,3,2,5,7,7,0.26816,0.27847,0.0,0.006888,0.002394,,0,506,13,44,1.0,0.032881,1
2257,0,,5,4,9,2,5,7,6,0.310131,0.323254,5.8e-05,0.009923,0.008642,,0,506,2,17,0.2,0.051507,0
2275,0,,1,1,2,2,5,7,7,0.263558,0.275277,0.0,0.001218,0.001789,,0,506,12,74,0.0,0.009067,1
2289,0,,2,2,4,2,5,7,7,0.284424,0.297467,0.0,0.003273,0.003671,,0,506,3,16,1.0,0.018358,1
2387,0,,2,3,5,2,5,7,7,0.273823,0.285814,3e-06,0.001397,0.003358,,0,506,13,10,0.0,0.007642,0
2262,0,,1,1,2,2,5,7,7,0.254103,0.264173,0.0,0.000581,0.00045,,0,506,12,74,0.0,0.002655,0
1918,0,,2,5,7,2,5,7,7,0.273763,0.284359,0.000234,0.000159,0.002816,,0,506,11,19,0.0,0.000958,0
2082,0,,2,2,4,2,5,7,8,0.219946,0.225471,0.000979,6e-05,5.3e-05,,0,506,8,102,0.0,0.000414,0
2154,0,,1,1,2,2,5,7,7,0.241976,0.248866,0.0,0.00036,0.000272,,0,506,11,49,0.0,0.001394,0
1760,0,,12,14,26,3,4,7,6,0.336325,0.358616,0.00038,0.017064,0.021,,0,506,7,24,0.203297,0.087184,1
1606,0,,2,3,5,3,4,7,6,0.29483,0.313891,0.000106,0.003659,0.003833,,0,506,1,91,0.0,0.021083,1
1856,0,,5,4,9,3,4,7,6,0.311834,0.330593,7.6e-05,0.010575,0.006797,,0,506,1,22,0.05,0.052424,0
1847,0,,3,3,6,3,4,7,6,0.312745,0.33223,3e-05,0.007841,0.006314,,0,506,13,1,0.5,0.034483,0
1812,0,,3,4,7,3,4,7,6,0.310542,0.330998,0.000153,0.001905,0.006004,,0,506,12,74,0.666667,0.013327,0
1796,0,,3,3,6,3,4,7,6,0.32086,0.339712,2.2e-05,0.00931,0.00804,,0,506,13,1,0.5,0.043491,0
1736,0,,3,4,7,3,4,7,6,0.317086,0.336149,3.2e-05,0.007316,0.008821,,0,506,11,49,0.5,0.034932,0
1715,0,,3,4,7,3,4,7,6,0.304981,0.324126,9e-05,0.003936,0.005118,,0,506,1,4,0.166667,0.02214,0
1785,0,,3,4,7,3,4,7,6,0.310619,0.323388,4e-06,0.007714,0.009148,,0,506,2,42,0.666667,0.040733,0
1837,0,,3,3,6,3,4,7,7,0.285268,0.300841,0.0,0.006821,0.006784,,0,506,13,38,1.0,0.034478,0
1844,0,,2,3,5,3,4,7,7,0.278836,0.29336,0.0,0.00056,0.004741,,0,506,15,12,0.666667,0.002769,0
1702,0,,2,2,4,3,4,7,6,0.306278,0.320359,0.0,0.005943,0.005705,,0,506,14,18,1.0,0.031177,0
1636,0,,3,3,6,3,4,7,6,0.306303,0.320492,1.4e-05,0.006023,0.005787,,0,506,14,51,0.666667,0.031632,0
1649,0,,3,4,7,3,4,7,6,0.287567,0.301245,0.000251,0.004616,0.004605,,0,506,8,38,0.0,0.024113,0
1757,0,,2,3,5,3,4,7,7,0.295925,0.312799,1e-05,0.004759,0.00842,,0,506,1,98,0.166667,0.0248,0
1794,0,,5,4,9,3,4,7,6,0.29952,0.311058,6e-06,0.010085,0.007102,,0,506,13,34,0.3,0.052149,0
1734,0,,3,3,6,3,4,7,7,0.301351,0.314748,4e-06,0.00675,0.007368,,0,506,11,100,0.333333,0.038392,1
1714,0,,3,3,6,3,4,7,6,0.307661,0.32224,6.5e-05,0.007327,0.007314,,0,506,11,58,0.333333,0.039044,0
1772,0,,2,3,5,3,4,7,7,0.301472,0.31396,2.3e-05,0.0035,0.00529,,0,506,14,58,0.0,0.018015,0
1716,0,,3,4,7,3,4,7,6,0.305429,0.317783,0.000561,0.005668,0.005548,,0,506,2,17,0.0,0.028962,0
1697,0,,3,4,7,3,4,7,6,0.310336,0.323339,0.000363,0.005513,0.005932,,0,506,14,9,0.25,0.027582,-1
1808,0,,3,4,7,3,4,7,7,0.266198,0.279231,1e-06,0.001517,0.002171,,0,506,12,74,0.583333,0.011074,0
1703,0,,2,3,5,3,4,7,7,0.269918,0.281113,5.6e-05,0.001276,0.001174,,0,506,1,48,0.0,0.006978,0
1882,0,,3,3,6,3,4,7,7,0.294321,0.307324,5e-06,0.006045,0.005491,,0,506,2,52,0.333333,0.02809,0
1613,0,,2,2,4,3,4,7,7,0.25119,0.260024,2.6e-05,0.000482,0.000612,,0,506,2,2,0.0,0.003571,0
1711,0,,3,3,6,3,4,7,7,0.283606,0.295617,2.3e-05,0.004183,0.004346,,0,506,13,58,0.333333,0.022303,0
1689,0,,2,3,5,3,4,7,7,0.270717,0.281577,0.000657,0.000522,0.001831,,0,506,1,4,0.166667,0.003071,0
1658,0,,3,4,7,3,4,7,7,0.269627,0.280034,4.8e-05,0.000568,0.001991,,0,506,2,26,0.0,0.003916,0
1791,0,,1,2,3,3,4,7,7,0.280527,0.292045,3e-06,0.000302,0.002749,,0,506,1,70,0.0,0.001778,0
1733,0,,2,2,4,3,4,7,7,0.260988,0.271258,5e-06,0.000594,0.000622,,0,506,1,4,0.0,0.003578,0
1773,0,,1,1,2,3,4,7,7,0.247588,0.25469,0.0,0.000444,0.000469,,0,506,11,78,0.0,0.002691,0
1651,0,,2,3,5,3,4,7,7,0.270639,0.281232,6e-06,0.000499,0.001856,,0,506,6,17,0.0,0.00365,0
1705,0,,3,3,6,3,4,7,7,0.261534,0.271211,0.000457,0.001242,0.000978,,0,506,8,58,0.0,0.00579,0
1665,0,,3,4,7,3,4,7,7,0.268544,0.279542,9.4e-05,0.000794,0.001497,,0,506,2,58,0.0,0.004731,1
1713,0,,2,2,4,3,4,7,7,0.239211,0.246712,3e-06,0.00023,0.000368,,0,506,8,9,0.0,0.002165,1
1676,0,,2,2,4,3,4,7,7,0.247131,0.256275,3e-06,0.000258,9.4e-05,,0,506,1,4,0.0,0.00066,0
1625,0,,3,4,7,3,4,7,7,0.241027,0.248591,0.000631,0.000112,0.001164,,0,506,2,93,0.0,0.00083,0
1848,0,,2,2,4,3,4,7,8,0.223501,0.230976,0.0,0.000203,0.000403,,0,506,12,22,1.0,0.002121,0
1741,0,,3,3,6,3,4,7,7,0.26106,0.271193,0.00027,0.001774,0.001976,,0,506,7,86,0.333333,0.010832,0
1629,0,,3,4,7,3,4,7,8,0.220619,0.226753,0.000786,0.0,7.1e-05,,0,506,14,26,0.333333,0.000148,0
1493,0,,3,2,5,4,3,7,6,0.320777,0.339187,4e-06,0.009489,0.008203,,0,506,1,5,0.666667,0.049606,1
1465,0,,3,3,6,4,3,7,6,0.300168,0.319696,7.7e-05,0.004918,0.005025,,0,506,2,34,0.0,0.0284,1
1574,0,,4,3,7,4,3,7,7,0.297051,0.311883,2.5e-05,0.011102,0.007391,,0,506,13,22,0.5,0.058454,0
1521,0,,2,1,3,4,3,7,8,0.232199,0.238055,1.2e-05,0.003681,9.1e-05,,0,506,2,1,0.0,0.020767,1
1505,0,,3,2,5,4,3,7,7,0.268988,0.280307,1.5e-05,0.005634,0.002062,,0,506,7,86,0.5,0.03179,0
1413,0,,4,3,7,4,3,7,7,0.258771,0.26812,7.7e-05,0.004198,0.000668,,0,506,14,63,0.333333,0.024338,0
1430,0,,4,3,7,4,3,7,7,0.297996,0.310153,1.2e-05,0.004647,0.004023,,0,506,14,89,0.333333,0.024396,0
1553,0,,4,3,7,4,3,7,6,0.302641,0.317516,1.8e-05,0.008193,0.007023,,0,506,15,30,0.166667,0.041351,0
1533,0,,2,2,4,4,3,7,7,0.263725,0.275699,0.0,0.001347,0.002054,,0,506,12,74,1.0,0.010409,0
1489,0,,3,3,6,4,3,7,6,0.287589,0.299818,1e-06,0.004734,0.004362,,0,506,1,5,0.833333,0.023463,1
1564,0,,2,2,4,4,3,7,6,0.292574,0.305115,2e-05,0.003839,0.002142,,0,506,1,4,0.0,0.011803,0
1582,0,,3,3,6,4,3,7,6,0.283627,0.295761,7e-06,0.003433,0.001809,,0,506,1,24,0.333333,0.009454,1
1468,0,,3,3,6,4,3,7,7,0.274949,0.285876,1.3e-05,0.001793,0.001559,,0,506,8,58,0.333333,0.008883,0
1423,0,,3,3,6,4,3,7,7,0.256873,0.266772,1.6e-05,0.000984,0.000991,,0,506,6,12,0.0,0.005997,0
1594,0,,2,2,4,4,3,7,7,0.262671,0.27376,2e-06,0.001044,0.000916,,0,506,3,58,0.0,0.004452,0
1559,0,,3,3,6,4,3,7,7,0.250602,0.259556,8e-06,0.000588,0.000565,,0,506,12,22,0.166667,0.002855,1
1527,0,,2,2,4,4,3,7,7,0.253759,0.261484,2e-06,0.000752,0.000531,,0,506,11,70,0.0,0.002911,0
1419,0,,3,3,6,4,3,7,7,0.238875,0.245109,9e-06,0.000231,0.000249,,0,506,2,0,0.0,0.001573,0
1479,0,,3,2,5,4,3,7,7,0.270894,0.281003,0.00049,0.001592,0.00179,,0,506,11,10,0.0,0.010105,0
1563,0,,1,1,2,4,3,7,7,0.232329,0.238251,0.0,0.000143,0.000237,,0,506,13,30,0.0,0.001268,0
1218,0,,4,2,6,5,2,7,6,0.285878,0.298839,0.000235,0.006171,0.002463,,0,506,2,20,0.15,0.028438,0
1317,0,,4,2,6,5,2,7,7,0.276144,0.286852,3e-06,0.006886,0.00184,,0,506,13,28,0.166667,0.036591,1
1307,0,,4,2,6,5,2,7,6,0.302495,0.315363,5e-06,0.00928,0.006056,,0,506,14,30,0.0,0.046484,0
1396,0,,4,1,5,5,2,7,7,0.284359,0.297245,0.0,0.003792,0.002337,,0,506,3,16,0.833333,0.015549,0
1393,0,,4,3,7,5,2,7,7,0.268429,0.279952,1.4e-05,0.004834,0.001779,,0,506,3,16,0.583333,0.019785,0
1357,0,,2,2,4,5,2,7,7,0.251798,0.260522,1e-06,0.000997,0.000813,,0,506,14,50,0.0,0.004071,0
1354,0,,2,2,4,5,2,7,7,0.255193,0.2651,2e-06,0.000496,0.000465,,0,506,12,74,0.0,0.002958,1
1369,0,,1,1,2,5,2,7,7,0.254586,0.263532,0.0,0.000599,0.000485,,0,506,1,48,0.0,0.002831,0
1221,0,,4,6,10,5,2,7,7,0.286841,0.299333,4e-05,0.001873,0.004076,,0,506,14,2,0.166667,0.006533,1
1153,0,,3,5,8,6,1,7,7,0.280191,0.294216,1e-05,0.004289,0.005316,,0,506,11,86,0.2,0.025763,-1
1113,0,,2,1,3,6,1,7,7,0.242148,0.250742,3e-06,0.003596,0.000194,,0,506,8,3,0.0,0.014494,0
1080,0,,2,1,3,6,1,7,7,0.250468,0.258916,0.0,0.000825,0.00054,,0,506,2,20,1.0,0.004131,0
1135,0,,2,1,3,6,1,7,1,1.0,1.0,0.000228,0.001121,0.0,,0,230,1,48,0.0,0.005846,0
1201,0,,3,1,4,6,1,7,7,0.219136,0.224952,2e-06,0.002658,8.2e-05,,0,506,13,25,0.0,0.010815,0
1079,0,,2,1,3,6,1,7,7,0.215978,0.220738,1e-06,0.000406,5.1e-05,,0,506,2,20,0.0,0.001196,0
1081,0,,2,1,3,6,1,7,7,0.261188,0.269945,1e-06,0.001342,0.000755,,0,506,2,20,0.0,0.005147,1
1143,0,,2,1,3,6,1,7,7,0.255978,0.263767,0.0,0.001398,0.00104,,0,506,14,84,0.0,0.007899,0
1028,0,,1,0,1,7,0,7,0,0.0,0.0,0.0,0.003555,0.0,,0,505,1,1,0.0,0.02022,0
1075,0,,2,0,2,7,0,7,0,0.0,0.0,0.0,0.002859,0.0,,0,117,3,16,1.0,0.01215,0
1070,0,,4,0,4,7,0,7,0,0.0,0.0,0.0,0.004976,0.0,,0,196,3,16,0.916667,0.023385,1
1019,0,,1,0,1,7,0,7,0,0.0,0.0,0.0,0.001267,0.0,,0,263,8,28,0.0,0.006004,1
854,0,,7,8,15,9,-2,7,6,0.307509,0.319829,0.000304,0.006424,0.008555,,0,506,11,26,0.089286,0.036014,0
3392,0,,1,3,4,1,7,8,6,0.309414,0.328961,0.0,0.003034,0.005512,,0,506,13,34,0.333333,0.007084,1
3206,0,,1,2,3,1,7,8,7,0.276266,0.289034,3e-06,0.002995,0.003119,,0,506,12,74,0.0,0.015551,1
3096,0,,1,3,4,1,7,8,6,0.303942,0.318539,1.7e-05,0.002881,0.005683,,0,506,2,103,0.166667,0.015207,0
3372,0,,3,6,9,1,7,8,7,0.294738,0.308965,0.0,0.004704,0.005013,,0,506,3,16,0.733333,0.018216,0
3428,0,,4,4,8,1,7,8,7,0.245496,0.254221,3.6e-05,0.004709,0.000703,,0,506,3,16,0.333333,0.018512,0
2532,0,,1,1,2,1,7,8,7,0.24243,0.249068,0.0,0.000244,0.000238,,0,506,2,9,0.0,0.001396,0
2280,0,,5,2,7,2,6,8,7,0.291142,0.306385,4e-06,0.014736,0.006598,,0,506,13,32,0.4,0.077686,0
2386,0,,2,2,4,2,6,8,7,0.283842,0.298793,0.0,0.004213,0.004826,,0,506,12,74,1.0,0.024618,0
2199,0,,2,2,4,2,6,8,7,0.278795,0.289948,0.0,0.001809,0.001859,,0,506,1,4,1.0,0.010723,0
2357,0,,2,2,4,2,6,8,7,0.253948,0.263494,1e-06,0.001169,0.001215,,0,506,15,86,0.0,0.006242,0
1867,0,,3,3,6,3,5,8,6,0.309465,0.329166,4.6e-05,0.006739,0.00505,,0,506,1,5,0.5,0.028301,0
1709,0,,3,3,6,3,5,8,6,0.309209,0.322325,0.0,0.007969,0.008886,,0,506,8,23,0.833333,0.046408,0
1632,0,,2,2,4,3,5,8,6,0.303794,0.315101,0.0,0.005055,0.005189,,0,506,8,28,1.0,0.027131,0
1849,0,,1,1,2,3,5,8,7,0.278525,0.292764,0.0,0.003818,0.004185,,0,506,13,38,0.0,0.021747,0
1813,0,,3,3,6,3,5,8,7,0.27836,0.291656,1.1e-05,0.001904,0.00245,,0,506,12,74,0.666667,0.013066,1
1894,0,,1,2,3,3,5,8,7,0.284424,0.297467,0.0,0.002701,0.003671,,0,506,3,16,1.0,0.011728,0
1895,0,,3,5,8,3,5,8,7,0.289746,0.303441,0.000457,0.003909,0.003529,,0,506,3,16,0.2,0.017441,-1
1746,0,,2,2,4,3,5,8,7,0.284143,0.295132,0.0,0.003006,0.00292,,0,506,11,86,1.0,0.015655,0
1628,0,,3,5,8,3,5,8,6,0.294506,0.306281,1.6e-05,0.001234,0.00297,,0,506,6,3,0.1,0.006593,0
1801,0,,1,1,2,3,5,8,8,0.234027,0.243016,0.0,0.00025,0.000259,,0,506,12,74,0.0,0.001664,1
1780,0,,2,2,4,3,5,8,7,0.269162,0.280112,3e-06,0.001598,0.001701,,0,506,7,98,0.0,0.009329,0
1605,0,,2,2,4,3,5,8,7,0.241524,0.248205,0.0,0.00023,0.00043,,0,506,2,9,1.0,0.002527,1
1620,0,,2,2,4,3,5,8,7,0.266804,0.276719,9e-06,0.001473,0.00184,,0,506,15,9,0.0,0.009609,1
1688,0,,2,3,5,3,5,8,7,0.237543,0.245073,1.8e-05,4e-05,0.000359,,0,506,6,52,0.0,0.000607,0
1633,0,,3,4,7,3,5,8,7,0.245705,0.25344,3e-06,0.00039,0.00053,,0,506,2,71,0.166667,0.002381,0
1661,0,,2,3,5,3,5,8,7,0.258076,0.269201,1.2e-05,0.00021,0.000885,,0,506,6,3,0.0,0.001313,0
1579,0,,4,3,7,4,4,8,6,0.308116,0.32675,3.8e-05,0.009652,0.006197,,0,506,13,78,0.333333,0.049213,0
1500,0,,4,4,8,4,4,8,6,0.297357,0.316489,8.3e-05,0.004299,0.004232,,0,506,1,24,0.166667,0.024105,0
1492,0,,3,3,6,4,4,8,6,0.309874,0.328707,2.3e-05,0.006271,0.006065,,0,506,1,1,0.333333,0.033995,0
1491,0,,4,4,8,4,4,8,6,0.317839,0.337839,0.000142,0.007863,0.008065,,0,506,1,22,0.0,0.043786,0
1482,0,,4,5,9,4,4,8,6,0.307484,0.327831,4.4e-05,0.006553,0.007043,,0,506,1,100,0.6,0.037025,1
1483,0,,4,4,8,4,4,8,6,0.305927,0.326114,2.3e-05,0.006564,0.006574,,0,506,1,100,0.833333,0.037025,0
1436,0,,2,2,4,4,4,8,6,0.300289,0.31978,0.000158,0.003984,0.004214,,0,506,6,1,0.0,0.024358,0
1475,0,,4,4,8,4,4,8,6,0.324219,0.343239,7e-06,0.009778,0.010399,,0,506,13,11,0.666667,0.056186,0
1589,0,,3,2,5,4,4,8,6,0.294252,0.307277,2.5e-05,0.009556,0.003378,,0,506,13,1,0.5,0.037788,1
1547,0,,1,1,2,4,4,8,7,0.278525,0.292764,0.0,0.003818,0.004185,,0,506,13,38,0.0,0.021747,0
1555,0,,2,2,4,4,4,8,6,0.287611,0.303687,0.0,0.006699,0.007084,,0,506,13,38,1.0,0.036954,0
1548,0,,2,2,4,4,4,8,7,0.295063,0.311501,2e-06,0.007679,0.007911,,0,506,7,38,0.5,0.041435,0
1560,0,,4,4,8,4,4,8,6,0.286665,0.302211,8e-06,0.009709,0.007432,,0,506,13,77,0.55,0.052247,1
1459,0,,4,4,8,4,4,8,6,0.304932,0.324046,4.2e-05,0.010236,0.009809,,0,506,13,34,0.5,0.051983,0
1415,0,,3,3,6,4,4,8,6,0.308802,0.325198,2.4e-05,0.006549,0.005686,,0,506,2,91,0.666667,0.031113,0
1546,0,,1,2,3,4,4,8,6,0.274868,0.286829,0.0,0.002881,0.003181,,0,506,13,77,0.5,0.015207,0
1495,0,,3,3,6,4,4,8,6,0.298233,0.312441,7e-06,0.006198,0.006038,,0,506,15,98,0.666667,0.031891,1
1556,0,,3,3,6,4,4,8,6,0.288964,0.303394,0.000206,0.00406,0.003427,,0,506,13,52,0.333333,0.01817,0
1484,0,,4,4,8,4,4,8,7,0.291255,0.30393,1e-05,0.004969,0.005561,,0,506,11,100,0.333333,0.02922,0
1476,0,,3,4,7,4,4,8,7,0.306127,0.319222,2.2e-05,0.00381,0.006518,,0,506,11,23,0.333333,0.018619,1
1508,0,,4,4,8,4,4,8,7,0.304535,0.316723,0.001358,0.006367,0.006456,,0,506,11,100,0.166667,0.032897,1
1534,0,,1,1,2,4,4,8,7,0.263558,0.275277,0.0,0.001218,0.001789,,0,506,12,74,0.0,0.009067,0
1529,0,,1,1,2,4,4,8,7,0.263558,0.275277,0.0,0.001218,0.001789,,0,506,12,74,0.0,0.009067,0
1537,0,,4,4,8,4,4,8,7,0.274606,0.288314,4e-06,0.002067,0.002556,,0,506,12,74,0.666667,0.013465,0
1532,0,,2,4,6,4,4,8,7,0.266652,0.27984,1e-06,0.001468,0.002411,,0,506,12,74,0.583333,0.010731,0
1471,0,,4,4,8,4,4,8,6,0.299976,0.314416,4.6e-05,0.006691,0.006585,,0,506,11,26,0.333333,0.034398,-1
1427,0,,4,4,8,4,4,8,6,0.290871,0.303345,0.000253,0.002926,0.004699,,0,506,2,102,0.1,0.015594,1
1490,0,,3,3,6,4,4,8,6,0.289277,0.300529,0.000495,0.003525,0.003571,,0,506,13,15,0.0,0.018448,0
1477,0,,4,4,8,4,4,8,7,0.272846,0.283884,0.000499,0.001867,0.001898,,0,506,7,48,0.0,0.010819,0
1422,0,,1,1,2,4,4,8,7,0.250485,0.258961,0.0,0.000367,0.00054,,0,506,2,20,1.0,0.000963,0
1400,0,,2,2,4,4,4,8,7,0.252289,0.26118,3e-06,0.000598,0.001577,,0,506,2,20,0.0,0.008158,0
1402,0,,4,4,8,4,4,8,7,0.262745,0.273323,0.000241,0.000991,0.000815,,0,506,3,9,0.0,0.007265,0
1449,0,,4,4,8,4,4,8,7,0.284445,0.296039,6.5e-05,0.002936,0.003343,,0,506,2,12,0.083333,0.018055,0
1540,0,,3,3,6,4,4,8,6,0.284381,0.296099,1.1e-05,0.003591,0.002675,,0,506,11,5,0.0,0.014066,1
1399,0,,2,2,4,4,4,8,7,0.273324,0.28312,3.3e-05,0.001304,0.00113,,0,506,6,89,0.0,0.006263,0
1404,0,,4,4,8,4,4,8,7,0.278691,0.290533,2.4e-05,0.003255,0.002929,,0,506,2,85,0.0,0.016704,1
1473,0,,4,4,8,4,4,8,7,0.289814,0.302089,5e-06,0.004546,0.004955,,0,506,14,103,0.416667,0.026427,0
1417,0,,4,4,8,4,4,8,7,0.294437,0.305598,4e-05,0.002647,0.002835,,0,506,8,89,0.0,0.016067,1
1504,0,,2,1,3,4,4,8,7,0.247588,0.25469,0.0,0.000731,0.000469,,0,506,11,78,1.0,0.005585,1
1460,0,,2,2,4,4,4,8,7,0.268256,0.277798,3.8e-05,0.001352,0.00131,,0,506,6,89,0.0,0.007396,1
1511,0,,3,3,6,4,4,8,7,0.273444,0.28409,5e-06,0.00176,0.001768,,0,506,13,48,0.333333,0.009636,0
1405,0,,4,4,8,4,4,8,6,0.275454,0.285571,0.000305,0.002166,0.00163,,0,506,2,17,0.0,0.008352,-1
1453,0,,4,4,8,4,4,8,7,0.28367,0.29495,7e-06,0.002892,0.002784,,0,506,2,74,0.0,0.015674,1
1488,0,,4,4,8,4,4,8,7,0.288253,0.299302,5e-06,0.003744,0.003781,,0,506,1,66,0.166667,0.020288,0
1561,0,,3,3,6,4,4,8,7,0.259326,0.268843,2.1e-05,0.001245,0.000932,,0,506,14,88,0.0,0.00487,0
1507,0,,2,2,4,4,4,8,7,0.266652,0.277123,2e-06,0.001234,0.001145,,0,506,7,40,0.0,0.006437,0
1514,0,,2,2,4,4,4,8,7,0.281878,0.293249,0.0,0.002943,0.002223,,0,506,14,42,1.0,0.011143,1
1433,0,,4,4,8,4,4,8,7,0.255402,0.263774,3.2e-05,0.000489,0.000435,,0,506,6,17,0.166667,0.002664,0
1443,0,,2,2,4,4,4,8,7,0.220256,0.226091,3e-06,7.4e-05,6.7e-05,,0,506,1,5,0.0,0.000393,1
1432,0,,3,3,6,4,4,8,7,0.253931,0.262233,2.2e-05,0.000499,0.000516,,0,506,11,45,0.333333,0.003161,0
1575,0,,2,2,4,4,4,8,7,0.249268,0.258395,1e-06,0.000522,0.000618,,0,506,15,30,0.0,0.003468,0
1588,0,,4,4,8,4,4,8,6,0.275413,0.286185,0.000273,0.002146,0.002194,,0,506,1,70,0.166667,0.010932,0
1426,0,,1,1,2,4,4,8,7,0.228671,0.234938,0.0,9.3e-05,0.000139,,0,506,2,56,0.0,0.000843,1
1438,0,,2,2,4,4,4,8,7,0.258681,0.268044,8e-06,0.000719,0.001044,,0,506,6,3,0.0,0.005985,0
1466,0,,2,2,4,4,4,8,7,0.240779,0.246933,0.000979,0.000208,0.000315,,0,506,2,70,0.0,0.001776,1
1435,0,,2,2,4,4,4,8,8,0.184636,0.189021,3e-06,3e-06,3e-06,,0,506,6,89,0.0,0.000104,0
1503,0,,1,1,2,4,4,8,7,0.258058,0.267266,0.0,0.001239,0.001385,,0,506,7,86,0.0,0.007624,1
1467,0,,2,2,4,4,4,8,8,0.219379,0.225387,6e-06,5.2e-05,4.2e-05,,0,506,2,58,0.0,0.000364,0
1585,0,,1,1,2,4,4,8,8,0.208723,0.213738,0.0,1.8e-05,1.9e-05,,0,506,1,4,0.0,0.00015,1
1452,0,,1,1,2,4,4,8,8,0.215444,0.22108,0.0,5.8e-05,5.1e-05,,0,506,2,3,0.0,0.000405,0
1572,0,,1,1,2,4,4,8,8,0.236165,0.242779,0.0,0.000252,0.000237,,0,506,13,28,0.0,0.001264,0
1392,0,,2,2,4,5,3,8,6,0.309286,0.327982,1.2e-05,0.006361,0.006267,,0,506,1,1,0.0,0.033882,1
1365,0,,3,3,6,5,3,8,6,0.294506,0.313575,7.6e-05,0.00382,0.003753,,0,506,1,10,0.333333,0.021482,1
1337,0,,5,3,8,5,3,8,7,0.293882,0.305469,2.5e-05,0.00908,0.005342,,0,506,13,57,0.3,0.050533,1
1359,0,,3,2,5,5,3,8,7,0.299592,0.3138,0.0,0.009128,0.006695,,0,506,8,38,1.0,0.050322,0
1310,0,,3,1,4,5,3,8,7,0.279148,0.292463,1e-06,0.009988,0.003646,,0,506,15,37,0.833333,0.050747,0
1305,0,,3,3,6,5,3,8,6,0.291369,0.30435,9e-06,0.004475,0.004104,,0,506,1,5,0.666667,0.022698,0
1255,0,,3,2,5,5,3,8,7,0.252035,0.261192,4e-06,0.000797,0.000713,,0,506,6,9,0.333333,0.005472,0
1268,0,,2,2,4,5,3,8,7,0.241617,0.247982,8e-06,0.000306,0.000281,,0,506,2,17,0.0,0.001565,0
1240,0,,2,2,4,5,3,8,7,0.239839,0.245916,7e-06,0.000235,0.000258,,0,506,2,17,0.0,0.001519,0
1086,0,,3,2,5,6,2,8,6,0.285878,0.298839,0.000491,0.002971,0.002463,,0,506,2,20,0.0,0.015116,-1
1208,0,,2,1,3,6,2,8,8,0.225506,0.232301,0.0,0.002859,8.4e-05,,0,506,3,16,1.0,0.01215,1
1093,0,,3,2,5,6,2,8,7,0.26841,0.279457,4e-06,0.002011,0.001673,,0,506,2,96,0.0,0.010614,0
1131,0,,3,2,5,6,2,8,7,0.268795,0.278474,7.2e-05,0.001514,0.001094,,0,506,2,48,0.333333,0.008914,0
1094,0,,4,2,6,6,2,8,7,0.251308,0.259157,1.1e-05,0.001393,0.000458,,0,506,14,17,0.0,0.00829,-1
1196,0,,2,2,4,6,2,8,7,0.24129,0.250353,1e-06,0.000348,0.000341,,0,506,15,22,0.0,0.001937,0
1049,0,,4,1,5,7,1,8,8,0.208712,0.214423,1e-06,0.001631,3.5e-05,,0,506,12,0,0.333333,0.011242,0
989,0,,2,1,3,7,1,8,6,0.277597,0.287577,0.0,0.002227,0.00184,,0,506,2,20,1.0,0.01106,0
1017,0,,2,1,3,7,1,8,8,0.194558,0.198053,0.0,0.00023,5e-06,,0,506,2,9,1.0,0.002527,0
995,0,,3,4,7,7,1,8,7,0.263169,0.272901,4.1e-05,0.00158,0.000496,,0,506,2,20,0.1,0.007481,0
1015,0,,2,1,3,7,1,8,7,0.232531,0.239378,4e-06,0.000147,0.000167,,0,506,2,3,0.0,0.001115,1
1000,0,,2,1,3,7,1,8,7,0.240532,0.247309,0.0,0.000443,0.000277,,0,506,2,53,0.0,0.002219,0
977,0,,1,0,1,8,0,8,0,0.0,0.0,0.0,0.002696,0.0,,0,429,11,23,0.0,0.015861,0
970,0,,1,0,1,8,0,8,0,0.0,0.0,0.0,0.003341,0.0,,0,400,14,51,0.0,0.017061,0
924,0,,3,0,3,8,0,8,0,0.0,0.0,0.0,0.00359,0.0,,0,269,8,58,0.0,0.019532,1
919,0,,3,0,3,8,0,8,0,0.0,0.0,0.0,0.001428,0.0,,0,46,6,89,0.0,0.00687,0
928,0,,1,0,1,8,0,8,0,0.0,0.0,0.0,0.000104,0.0,,0,79,2,103,0.0,0.000652,0
3107,0,,1,1,2,1,8,9,7,0.252086,0.260359,0.0,0.000916,0.000919,,0,506,2,43,0.0,0.004843,0
3248,0,,1,1,2,1,8,9,8,0.235483,0.241396,0.0,0.00022,0.000553,,0,506,3,57,0.0,0.002505,0
2583,0,,1,2,3,1,8,9,8,0.217167,0.223481,8e-06,4.2e-05,4.5e-05,,0,506,6,89,0.0,0.000316,0
2149,0,,2,3,5,2,7,9,6,0.296745,0.315982,1.7e-05,0.003755,0.005056,,0,506,1,63,0.333333,0.021299,0
2001,0,,2,3,5,2,7,9,6,0.312719,0.329579,2.4e-05,0.00408,0.008153,,0,506,13,68,0.333333,0.022757,0
2179,0,,2,3,5,2,7,9,6,0.312146,0.325296,9e-06,0.003932,0.008285,,0,506,14,100,0.333333,0.019035,1
1901,0,,1,1,2,3,6,9,6,0.293514,0.312147,0.0,0.003555,0.003539,,0,506,1,1,0.0,0.02022,0
1724,0,,2,2,4,3,6,9,6,0.302177,0.321577,2.3e-05,0.005199,0.005462,,0,506,1,1,0.0,0.030735,0
1860,0,,3,3,6,3,6,9,6,0.299329,0.318099,2.7e-05,0.004695,0.004548,,0,506,1,90,0.333333,0.025603,0
1603,0,,3,6,9,3,6,9,6,0.307383,0.319891,0.000349,0.005564,0.006697,,0,506,2,2,0.066667,0.030565,1
1836,0,,2,2,4,3,6,9,6,0.292689,0.310617,0.0,0.00744,0.007121,,0,506,13,38,1.0,0.037217,1
1868,0,,3,5,8,3,6,9,7,0.276389,0.289568,0.000827,0.003048,0.003074,,0,506,14,74,0.0,0.015863,0
1776,0,,3,4,7,3,6,9,6,0.288875,0.302624,5e-06,0.005929,0.005944,,0,506,11,86,0.333333,0.030352,1
1762,0,,5,6,11,3,6,9,6,0.3108,0.324491,7e-05,0.007611,0.007754,,0,506,14,50,0.066667,0.038098,0
1871,0,,3,2,5,3,6,9,7,0.261955,0.272537,2e-06,0.006486,0.001718,,0,506,14,10,0.5,0.033129,0
1674,0,,1,2,3,3,6,9,8,0.237513,0.245507,0.0,0.000215,0.000294,,0,506,6,52,1.0,0.00183,0
1641,0,,2,2,4,3,6,9,7,0.241384,0.248877,1.5e-05,0.000253,0.000316,,0,506,2,17,0.0,0.001944,0
1806,0,,1,1,2,3,6,9,7,0.282047,0.29511,0.0,0.003861,0.003726,,0,506,7,6,0.0,0.019688,0
1740,0,,3,5,8,3,6,9,7,0.271876,0.282305,1.2e-05,0.001926,0.00204,,0,506,7,100,0.0,0.009853,0
1639,0,,1,2,3,3,6,9,7,0.228086,0.233601,0.0,6.9e-05,9.5e-05,,0,506,11,26,1.0,0.00041,1
1583,0,,1,1,2,4,5,9,6,0.293514,0.312147,0.0,0.003555,0.003539,,0,506,1,1,0.0,0.02022,0
1509,0,,4,4,8,4,5,9,6,0.29952,0.318295,6.2e-05,0.004402,0.00446,,0,506,1,72,0.0,0.025094,0
1442,0,,3,3,6,4,5,9,6,0.302837,0.322698,0.0,0.004881,0.004818,,0,506,1,4,1.0,0.027955,1
1502,0,,5,4,9,4,5,9,6,0.318433,0.33763,0.000135,0.011602,0.007384,,0,506,14,50,0.2,0.055968,0
1457,0,,4,4,8,4,5,9,6,0.295972,0.315101,0.000262,0.004201,0.004222,,0,506,7,48,0.166667,0.024038,0
1409,0,,3,4,7,4,5,9,6,0.308319,0.320995,0.000229,0.005702,0.006095,,0,506,8,68,0.416667,0.03255,0
1523,0,,3,5,8,4,5,9,6,0.319138,0.335566,5.6e-05,0.005543,0.010976,,0,506,13,44,0.25,0.034581,1
1487,0,,4,5,9,4,5,9,6,0.320805,0.335197,0.000192,0.007505,0.012932,,0,506,13,57,0.35,0.043561,0
1550,0,,3,3,6,4,5,9,6,0.313898,0.328841,8e-06,0.008826,0.00972,,0,506,14,38,0.5,0.050068,0
1536,0,,3,5,8,4,5,9,6,0.313006,0.328312,1.5e-05,0.00732,0.010645,,0,506,1,22,0.3,0.040107,0
1461,0,,3,3,6,4,5,9,6,0.276226,0.288533,0.000494,0.003101,0.003348,,0,506,13,103,0.0,0.017769,0
1516,0,,3,3,6,4,5,9,6,0.287854,0.303407,1.6e-05,0.006178,0.006033,,0,506,15,86,0.0,0.031842,0
1518,0,,2,5,7,4,5,9,6,0.295295,0.310368,9e-06,0.005541,0.005327,,0,506,13,10,0.0,0.022097,0
1472,0,,6,5,11,4,5,9,7,0.264469,0.27484,4.7e-05,0.004001,0.001398,,0,506,11,26,0.1,0.023894,0
1577,0,,3,3,6,4,5,9,7,0.26893,0.280471,1e-06,0.003115,0.002927,,0,506,15,65,0.333333,0.015684,0
1528,0,,4,3,7,4,5,9,7,0.26633,0.279333,3.4e-05,0.001533,0.002141,,0,506,12,74,0.416667,0.011799,0
1416,0,,1,1,2,4,5,9,7,0.250485,0.258961,0.0,0.000367,0.00054,,0,506,2,20,1.0,0.000963,0
1567,0,,1,1,2,4,5,9,7,0.252086,0.260359,0.0,0.000916,0.000919,,0,506,2,43,0.0,0.004843,0
1539,0,,2,2,4,4,5,9,7,0.253141,0.261689,0.0,0.000984,0.00107,,0,506,2,43,1.0,0.005744,1
1480,0,,1,1,2,4,5,9,7,0.259164,0.26919,0.0,0.000522,0.000496,,0,506,1,4,0.0,0.003016,0
1448,0,,3,3,6,4,5,9,7,0.241539,0.248338,0.000262,0.00023,0.000435,,0,506,2,9,0.5,0.002613,1
1440,0,,3,4,7,4,5,9,7,0.278422,0.288789,8e-06,0.001648,0.002066,,0,506,14,22,0.0,0.00904,0
1434,0,,1,1,2,4,5,9,7,0.246189,0.253804,0.0,0.000551,0.000503,,0,506,15,12,0.0,0.002923,1
1431,0,,3,3,6,4,5,9,7,0.256328,0.26513,3.3e-05,0.000683,0.000677,,0,506,6,3,0.166667,0.004198,1
1557,0,,3,3,6,4,5,9,7,0.260643,0.271296,1.6e-05,0.000736,0.000652,,0,506,12,74,0.0,0.003824,0
1446,0,,2,2,4,4,5,9,8,0.212018,0.218378,9e-06,2.8e-05,5.6e-05,,0,506,6,89,0.0,0.000437,1
1549,0,,3,3,6,4,5,9,7,0.244662,0.252669,0.000491,0.000371,0.000418,,0,506,13,52,0.0,0.002074,0
1474,0,,2,2,4,4,5,9,9,0.1752,0.17899,0.0,6e-06,8.7e-05,,0,506,97,70,0.0,0.000491,0
1486,0,,2,2,4,4,5,9,7,0.258093,0.267444,0.00049,0.00124,0.001385,,0,506,7,86,0.0,0.007656,1
1355,0,,3,2,5,5,4,9,6,0.293583,0.31237,0.00015,0.003637,0.003548,,0,506,1,1,0.0,0.020687,0
1356,0,,3,2,5,5,4,9,6,0.315006,0.33533,4.9e-05,0.008319,0.007724,,0,506,13,1,0.333333,0.047143,-1
1336,0,,5,6,11,5,4,9,6,0.326166,0.347478,0.000131,0.013632,0.013435,,0,506,13,65,0.1,0.06977,0
1318,0,,4,3,7,5,4,9,6,0.302666,0.322449,2.7e-05,0.005712,0.005662,,0,506,1,98,0.666667,0.032663,0
1302,0,,3,3,6,5,4,9,6,0.298209,0.317836,0.000516,0.004599,0.004589,,0,506,1,98,0.0,0.026022,0
1313,0,,4,3,7,5,4,9,6,0.298376,0.317432,8.6e-05,0.004788,0.004365,,0,506,1,1,0.25,0.026697,0
1331,0,,5,3,8,5,4,9,6,0.289814,0.303434,4e-05,0.008994,0.00504,,0,506,1,98,0.1,0.048527,0
1363,0,,4,4,8,5,4,9,7,0.307333,0.32166,7.1e-05,0.006678,0.006977,,0,506,2,66,0.25,0.036905,0
1350,0,,2,1,3,5,4,9,6,0.273964,0.285775,0.0,0.005246,0.002899,,0,506,13,77,1.0,0.027491,0
1327,0,,5,4,9,5,4,9,6,0.303303,0.315604,0.000188,0.009087,0.006048,,0,506,13,5,0.2,0.04441,1
1324,0,,5,4,9,5,4,9,6,0.311161,0.325763,1.1e-05,0.010485,0.008723,,0,506,1,83,0.55,0.05379,0
1332,0,,4,4,8,5,4,9,7,0.285965,0.298951,0.000122,0.002318,0.002962,,0,506,2,74,0.0,0.015726,0
1335,0,,5,4,9,5,4,9,7,0.26669,0.278939,1.9e-05,0.001754,0.002067,,0,506,12,74,0.6,0.012385,0
1387,0,,3,3,6,5,4,9,7,0.271581,0.282391,1e-06,0.003662,0.001832,,0,506,3,16,0.5,0.016093,0
1212,0,,3,4,7,5,4,9,7,0.270444,0.281935,0.000236,0.001874,0.001914,,0,506,14,45,0.166667,0.010989,0
1349,0,,5,4,9,5,4,9,7,0.25929,0.26854,1.6e-05,0.003706,0.001145,,0,506,2,61,0.0,0.017332,1
1279,0,,4,3,7,5,4,9,6,0.285051,0.296406,1.3e-05,0.003966,0.002935,,0,506,14,50,0.166667,0.021716,0
1364,0,,2,2,4,5,4,9,7,0.254344,0.264622,6e-06,0.000597,0.000467,,0,506,12,74,0.0,0.002783,1
1273,0,,4,3,7,5,4,9,7,0.257172,0.266087,4.9e-05,0.001103,0.000627,,0,506,6,48,0.0,0.005646,0
1323,0,,2,3,5,5,4,9,7,0.269627,0.281119,8e-06,0.002418,0.002687,,0,506,13,63,0.0,0.01363,0
1216,0,,1,1,2,5,4,9,7,0.246757,0.255564,0.0,0.000367,0.000175,,0,506,2,20,0.0,0.000963,0
1262,0,,2,1,3,5,4,9,8,0.219753,0.225145,4e-06,5.2e-05,4.5e-05,,0,506,6,52,0.0,0.000667,0
1108,0,,3,3,6,6,3,9,6,0.291052,0.30443,1.6e-05,0.003237,0.002855,,0,506,2,52,0.333333,0.016401,1
1076,0,,3,2,5,6,3,9,7,0.282707,0.293144,2e-06,0.003426,0.002178,,0,506,2,28,0.333333,0.017443,-1
1105,0,,4,3,7,6,3,9,7,0.274084,0.285555,0.000193,0.001127,0.001225,,0,506,2,17,0.0,0.007477,0
1096,0,,3,3,6,6,3,9,7,0.250501,0.260172,5.2e-05,0.000462,0.000408,,0,506,2,102,0.0,0.002316,0
1089,0,,4,3,7,6,3,9,7,0.242477,0.249954,6e-06,0.00073,0.000443,,0,506,2,96,0.0,0.003679,1
987,0,,3,2,5,7,2,9,6,0.301861,0.313148,1.5e-05,0.004306,0.00424,,0,506,2,71,0.0,0.023012,0
1044,0,,2,1,3,7,2,9,7,0.237935,0.246875,2e-06,0.003503,0.000192,,0,506,14,9,0.0,0.018227,1
1035,0,,5,2,7,7,2,9,7,0.245303,0.252021,5e-06,0.004044,0.00073,,0,506,13,57,0.0,0.022683,0
996,0,,3,2,5,7,2,9,7,0.267605,0.277022,5e-06,0.0009,0.001317,,0,506,8,19,0.0,0.005109,0
998,0,,3,2,5,7,2,9,7,0.238967,0.244974,4e-06,0.000576,0.000243,,0,506,2,17,0.0,0.002407,0
1037,0,,2,1,3,7,2,9,9,0.190639,0.193902,0.000262,5e-06,5e-06,,0,506,11,100,0.5,8.8e-05,0
972,0,,4,1,5,8,1,9,8,0.216577,0.222622,7e-06,0.000477,7.4e-05,,0,506,12,74,0.083333,0.002717,0
897,0,,6,2,8,9,0,9,7,0.26728,0.277165,4.2e-05,0.003955,0.002487,,0,506,3,16,0.309524,0.017433,0
843,0,,2,0,2,9,0,9,0,0.0,0.0,0.0,0.000825,0.0,,0,278,2,20,1.0,0.004131,0
903,0,,1,0,1,9,0,9,0,0.0,0.0,0.0,0.001582,0.0,,0,193,2,41,0.0,0.006058,0
889,0,,1,0,1,9,0,9,0,0.0,0.0,0.0,0.001582,0.0,,0,192,2,41,0.0,0.006058,0
901,0,,1,0,1,9,0,9,0,0.0,0.0,0.0,0.000265,0.0,,0,93,1,24,0.0,0.001525,1
873,0,,1,0,1,9,0,9,0,0.0,0.0,0.0,5.8e-05,0.0,,0,266,6,58,0.0,0.00036,0
907,0,,1,0,1,9,0,9,0,0.0,0.0,0.0,0.00145,0.0,,0,261,3,16,0.0,0.004297,0
593,0,,11,10,21,14,-5,9,6,0.312667,0.325572,0.000434,0.019035,0.010908,,0,506,12,50,0.148352,0.08879,0
7188,1,,0,1,1,0,10,10,6,0.293546,0.312198,0.0,0.0,0.003539,,0,507,1,1,0.0,0.0,1
5679,1,,11,7,18,0,10,10,7,0.310054,0.32859,2.6e-05,0.023033,0.015602,,0,506,15,22,0.436364,0.111679,1
6792,1,,2,1,3,0,10,10,2,0.666667,0.75,0.0,0.003625,8.6e-05,,0,207,50,44,0.5,0.015883,1
6958,1,,0,1,1,0,10,10,7,0.249451,0.258529,0.0,0.0,0.000529,,0,523,3,16,0.0,0.0,1
3015,1,,1,1,2,1,9,10,8,0.234027,0.243016,0.0,0.00025,0.000259,,0,506,12,74,0.0,0.001664,1
2330,1,,2,3,5,2,8,10,6,0.302714,0.31821,0.0,0.00664,0.007649,,0,506,13,44,0.333333,0.029965,1
2417,1,,2,8,10,2,8,10,7,0.294298,0.309842,0.0,0.003061,0.006125,,0,506,3,16,0.803571,0.013021,1
2379,1,,1,1,2,2,8,10,7,0.264022,0.27474,0.0,0.002112,0.002179,,0,506,13,27,0.0,0.011023,1
1615,1,,2,5,7,3,7,10,6,0.286271,0.299764,0.000214,0.002633,0.002771,,0,506,2,19,0.2,0.01427,1
1732,1,,3,3,6,3,7,10,6,0.300457,0.312824,4e-06,0.006493,0.005366,,0,506,11,55,0.333333,0.028318,1
1718,1,,2,4,6,3,7,10,6,0.291982,0.303456,9e-06,0.002043,0.003375,,0,506,2,52,0.0,0.01074,1
1619,1,,3,3,6,3,7,10,7,0.259182,0.268851,9e-06,0.001149,0.001373,,0,506,2,26,0.333333,0.008125,1
1821,1,,3,3,6,3,7,10,7,0.254915,0.264931,1e-05,0.003071,0.000596,,0,506,12,74,0.1,0.01719,1
1879,1,,2,3,5,3,7,10,7,0.2498,0.259279,0.000232,0.001314,0.000563,,0,506,3,16,0.166667,0.004642,1
1496,1,,2,2,4,4,6,10,6,0.296651,0.315417,0.0,0.00415,0.004118,,0,506,1,1,1.0,0.023159,1
1538,1,,3,3,6,4,6,10,6,0.314636,0.334552,3e-05,0.007714,0.007572,,0,506,1,93,0.333333,0.041661,1
1519,1,,3,3,6,4,6,10,6,0.305329,0.323672,2.2e-05,0.005149,0.004931,,0,506,1,78,0.0,0.026937,1
1580,1,,4,4,8,4,6,10,6,0.3087,0.327627,2.2e-05,0.007042,0.007188,,0,506,13,59,0.666667,0.038728,1
1573,1,,3,3,6,4,6,10,6,0.317059,0.336367,3.4e-05,0.007713,0.007654,,0,506,1,30,0.333333,0.041783,1
1542,1,,3,3,6,4,6,10,6,0.313819,0.333289,5.5e-05,0.0074,0.007506,,0,506,13,1,0.333333,0.041066,1
1510,1,,2,2,4,4,6,10,6,0.299952,0.318717,0.0,0.004491,0.004449,,0,506,14,1,1.0,0.025319,1
1558,1,,2,2,4,4,6,10,6,0.282515,0.297398,0.0,0.005576,0.005735,,0,506,13,38,1.0,0.029862,1
1530,1,,3,3,6,4,6,10,7,0.260172,0.271527,5e-06,0.000736,0.000717,,0,506,12,74,0.5,0.004604,1
1454,1,,2,2,4,4,6,10,7,0.24098,0.247766,0.0,0.000314,0.00055,,0,506,14,72,1.0,0.00284,1
1437,1,,4,5,9,4,6,10,6,0.265406,0.276781,0.00018,0.001454,0.001746,,0,506,14,3,0.1,0.010327,1
1463,1,,2,2,4,4,6,10,7,0.261735,0.270688,1.2e-05,0.001,0.000777,,0,506,14,34,0.0,0.00435,1
1464,1,,2,2,4,4,6,10,8,0.198664,0.203466,0.00049,1.9e-05,9e-06,,0,506,97,70,0.0,0.000215,1
1316,1,,1,1,2,5,5,10,6,0.293514,0.312147,0.0,0.003555,0.003539,,0,506,1,1,0.0,0.02022,1
1358,1,,3,2,5,5,5,10,6,0.315006,0.33533,5.3e-05,0.00756,0.007724,,0,506,1,52,0.166667,0.042397,1
1353,1,,4,4,8,5,5,10,6,0.301133,0.320492,6.2e-05,0.005325,0.005428,,0,506,1,35,0.166667,0.02992,1
1267,1,,4,4,8,5,5,10,6,0.301448,0.321088,0.00018,0.004504,0.004691,,0,506,6,52,0.45,0.025611,1
1261,1,,4,4,8,5,5,10,6,0.293998,0.313095,0.001138,0.003704,0.003688,,0,506,1,4,0.166667,0.021211,1
1382,1,,3,3,6,5,5,10,6,0.30898,0.328498,3.9e-05,0.006767,0.004977,,0,506,13,24,0.166667,0.027757,1
1342,1,,5,5,10,5,5,10,6,0.329465,0.348826,4.6e-05,0.014305,0.012953,,0,506,2,93,0.35,0.069573,1
1340,1,,4,4,8,5,5,10,6,0.312745,0.33175,0.000107,0.007043,0.006786,,0,506,7,47,0.333333,0.037515,1
1320,1,,4,4,8,5,5,10,6,0.304684,0.323703,2e-05,0.00567,0.005407,,0,506,7,24,0.333333,0.030308,1
1309,1,,4,4,8,5,5,10,6,0.324697,0.345103,7.9e-05,0.012458,0.011993,,0,506,15,33,0.333333,0.0633,1
1284,1,,5,5,10,5,5,10,6,0.319138,0.339427,0.000123,0.008926,0.009148,,0,506,11,4,0.4,0.051009,1
1285,1,,5,5,10,5,5,10,6,0.321576,0.340041,8.7e-05,0.009834,0.008936,,0,506,8,50,0.5,0.049115,1
1282,1,,4,4,8,5,5,10,6,0.323827,0.344164,5.7e-05,0.010704,0.010564,,0,506,14,34,0.416667,0.057329,1
1248,1,,5,5,10,5,5,10,6,0.308497,0.328263,0.000548,0.006769,0.00754,,0,506,2,58,0.1,0.041093,1
1222,1,,5,5,10,5,5,10,6,0.30949,0.322449,0.000173,0.006736,0.007143,,0,506,8,91,0.35,0.038599,1
1338,1,,1,1,2,5,5,10,7,0.278525,0.292764,0.0,0.003818,0.004185,,0,506,13,38,0.0,0.021747,1
1360,1,,4,4,8,5,5,10,6,0.297617,0.316413,9e-06,0.010816,0.011042,,0,506,13,43,0.5,0.057916,1
1375,1,,3,3,6,5,5,10,7,0.297735,0.313974,8e-06,0.007343,0.007742,,0,506,14,40,0.333333,0.040215,1
1274,1,,4,4,8,5,5,10,7,0.293998,0.310173,0.00016,0.004754,0.005105,,0,506,12,74,0.5,0.027411,1
1348,1,,5,5,10,5,5,10,7,0.305528,0.322981,7.1e-05,0.010906,0.011243,,0,506,2,61,0.5,0.058209,1
1239,1,,2,2,4,5,5,10,6,0.292734,0.306205,6e-06,0.003532,0.003332,,0,506,2,103,0.0,0.01899,1
1270,1,,3,3,6,5,5,10,6,0.292392,0.305685,8e-06,0.003337,0.003105,,0,506,2,17,0.333333,0.017947,1
1376,1,,5,5,10,5,5,10,6,0.295878,0.310457,8e-06,0.007729,0.007958,,0,506,13,72,0.45,0.041154,1
1371,1,,1,1,2,5,5,10,6,0.273964,0.285775,0.0,0.002881,0.002899,,0,506,13,77,0.0,0.015207,1
1287,1,,4,4,8,5,5,10,7,0.305753,0.320984,2.7e-05,0.008942,0.008964,,0,506,15,63,0.666667,0.0472,1
1308,1,,4,4,8,5,5,10,6,0.290083,0.304332,1.8e-05,0.005762,0.005588,,0,506,3,90,0.25,0.02937,1
1293,1,,3,3,6,5,5,10,7,0.291618,0.305936,0.00049,0.005508,0.005652,,0,506,11,100,0.333333,0.030247,1
1300,1,,2,2,4,5,5,10,7,0.285377,0.296511,0.0,0.003672,0.003625,,0,506,11,103,1.0,0.019166,1
1271,1,,3,3,6,5,5,10,7,0.283756,0.29555,2.2e-05,0.002257,0.002331,,0,506,6,72,0.0,0.013268,1
1370,1,,5,5,10,5,5,10,7,0.295202,0.30836,0.001209,0.007937,0.00713,,0,506,13,34,0.35,0.035731,1
1258,1,,4,4,8,5,5,10,6,0.300916,0.313184,5.5e-05,0.00565,0.004627,,0,506,15,12,0.0,0.025575,1
1278,1,,4,4,8,5,5,10,6,0.304461,0.3172,5.2e-05,0.007472,0.006534,,0,506,12,74,0.166667,0.033829,1
1226,1,,4,4,8,5,5,10,6,0.281729,0.293181,0.000503,0.002384,0.002443,,0,506,2,20,0.166667,0.013675,1
1237,1,,3,4,7,5,5,10,7,0.258396,0.269667,7.9e-05,0.000579,0.001236,,0,506,6,2,0.166667,0.005906,1
1314,1,,5,5,10,5,5,10,7,0.302837,0.315651,0.000501,0.006244,0.006096,,0,506,11,98,0.1,0.031991,1
1381,1,,3,3,6,5,5,10,7,0.286731,0.299091,1e-06,0.00516,0.005308,,0,506,13,31,0.333333,0.026822,1
1224,1,,4,3,7,5,5,10,7,0.247098,0.254745,3.2e-05,0.002641,0.000523,,0,506,2,45,0.0,0.01436,1
1383,1,,3,3,6,5,5,10,6,0.284165,0.296491,4.8e-05,0.003205,0.001462,,0,506,13,49,0.0,0.007793,1
1263,1,,1,1,2,5,5,10,7,0.241508,0.248071,0.0,0.00022,0.000425,,0,506,2,9,0.0,0.002431,1
1272,1,,3,3,6,5,5,10,7,0.272173,0.282845,0.0,0.002623,0.00271,,0,506,3,84,0.333333,0.014175,1
1244,1,,2,2,4,5,5,10,7,0.250535,0.258982,4e-06,0.000645,0.000647,,0,506,15,12,0.0,0.003749,1
1228,1,,1,1,2,5,5,10,7,0.246757,0.255564,0.0,0.000367,0.000175,,0,506,2,20,0.0,0.000963,1
1234,1,,3,2,5,5,5,10,7,0.261881,0.270281,1.6e-05,0.00117,0.000899,,0,506,8,0,0.0,0.004771,1
1245,1,,1,1,2,5,5,10,7,0.236538,0.243041,0.0,0.000173,0.00016,,0,506,6,17,0.0,0.001061,1
1330,1,,1,1,2,5,5,10,7,0.240346,0.246301,0.0,0.000297,0.000502,,0,506,8,53,0.0,0.002427,1
1257,1,,5,5,10,5,5,10,7,0.235483,0.244692,0.000821,0.000152,0.000144,,0,506,1,4,0.0,0.000983,1
1344,1,,1,1,2,5,5,10,7,0.226391,0.232622,0.0,0.00011,0.000188,,0,506,14,90,0.0,0.000969,1
1334,1,,1,1,2,5,5,10,7,0.241151,0.247486,0.0,0.00025,0.000339,,0,506,1,26,0.0,0.001793,1
1229,1,,1,1,2,5,5,10,7,0.234848,0.241663,0.0,0.00016,8.1e-05,,0,506,1,4,0.0,0.000532,1
1266,1,,1,1,2,5,5,10,8,0.182043,0.185448,0.0,3e-06,7e-06,,0,506,6,89,0.0,8.5e-05,1
1238,1,,1,1,2,5,5,10,8,0.211851,0.216394,0.0,2.4e-05,7.1e-05,,0,506,8,2,0.0,0.000403,1
1265,1,,1,1,2,5,5,10,9,0.172118,0.175428,0.0,2e-06,1e-06,,0,506,97,70,0.0,6.1e-05,1
1366,1,,3,3,6,5,5,10,7,0.24112,0.248968,1.3e-05,0.000334,0.000359,,0,506,12,22,0.0,0.002131,1
1260,1,,2,2,4,5,5,10,7,0.25,0.259488,1.8e-05,0.000472,0.00072,,0,506,6,52,0.0,0.004508,1
1281,1,,1,1,2,5,5,10,9,0.174458,0.177802,0.0,4e-06,1e-06,,0,506,97,70,0.0,6.7e-05,1
1253,1,,1,1,2,5,5,10,8,0.207843,0.212887,0.0,3e-05,2.8e-05,,0,506,2,66,0.0,0.000236,1
1312,1,,1,1,2,5,5,10,7,0.258058,0.267266,0.0,0.001239,0.001385,,0,506,7,86,0.0,0.007624,1
1275,1,,1,1,2,5,5,10,9,0.162546,0.164553,0.0,0.0,0.0,,0,506,2,70,0.0,3.2e-05,1
1329,1,,1,1,2,5,5,10,10,0.160128,0.162149,0.0,5e-06,0.0,,0,506,11,100,1.0,5.9e-05,1
1250,1,,3,3,6,5,5,10,7,0.239946,0.248964,5.8e-05,0.000214,0.00018,,0,506,2,58,0.0,0.001231,1
1117,1,,5,4,9,6,4,10,8,0.245931,0.254621,0.000174,0.003946,0.000336,,0,506,6,17,0.05,0.022772,1
1087,1,,6,4,10,6,4,10,6,0.295156,0.309421,2.2e-05,0.004834,0.004515,,0,506,2,88,0.3,0.028818,1
1160,1,,3,2,5,6,4,10,7,0.243264,0.250561,1e-06,0.00202,0.000493,,0,506,11,49,0.0,0.009796,1
1102,1,,3,2,5,6,4,10,7,0.233516,0.24099,1.1e-05,0.000461,0.000147,,0,506,6,89,0.0,0.002923,1
1124,1,,3,3,6,6,4,10,7,0.238071,0.245378,7e-06,0.000227,0.000218,,0,506,8,93,0.0,0.001392,1
997,1,,2,1,3,7,3,10,7,0.227477,0.233931,0.0,0.000485,9.6e-05,,0,506,2,20,0.0,0.001691,1
991,1,,3,2,5,7,3,10,7,0.241726,0.248225,3e-06,0.000646,0.00032,,0,506,2,83,0.166667,0.002756,1
767,1,,3,0,3,10,0,10,0,0.0,0.0,0.0,0.00658,0.0,,0,31,8,91,0.333333,0.033419,1
816,1,,3,0,3,10,0,10,0,0.0,0.0,0.0,0.007896,0.0,,0,40,7,81,0.666667,0.04154,1
837,1,,1,0,1,10,0,10,0,0.0,0.0,0.0,0.000653,0.0,,0,153,3,16,0.0,0.003415,1
835,1,,1,0,1,10,0,10,0,0.0,0.0,0.0,0.000653,0.0,,0,152,3,16,0.0,0.003415,1
805,1,,1,0,1,10,0,10,0,0.0,0.0,0.0,0.000595,0.0,,0,358,7,64,0.0,0.002956,1
797,1,,1,0,1,10,0,10,0,0.0,0.0,0.0,0.000443,0.0,,0,184,11,63,0.0,0.001372,1
794,1,,1,0,1,10,0,10,0,0.0,0.0,0.0,0.000108,0.0,,0,176,2,2,0.0,0.00067,1
820,1,,1,0,1,10,0,10,0,0.0,0.0,0.0,0.000125,0.0,,0,53,13,17,0.0,0.000743,1
795,1,,1,0,1,10,0,10,0,0.0,0.0,0.0,3e-06,0.0,,0,29,6,2,0.0,4.7e-05,1
836,1,,1,0,1,10,0,10,0,0.0,0.0,0.0,6.6e-05,0.0,,0,303,13,69,0.0,0.000365,1
7087,1,,0,10,10,0,11,11,7,0.303163,0.318937,0.0,0.0,0.009735,,0,510,3,16,0.533333,0.0,1
3026,1,,1,1,2,1,10,11,6,0.293514,0.312147,0.0,0.003555,0.003539,,0,506,1,1,0.0,0.02022,1
3010,1,,1,1,2,1,10,11,6,0.293514,0.312147,0.0,0.003555,0.003539,,0,506,1,1,0.0,0.02022,1
3305,1,,1,1,2,1,10,11,6,0.273964,0.285775,0.0,0.002881,0.002899,,0,506,13,77,0.0,0.015207,1
3060,1,,1,1,2,1,10,11,7,0.263558,0.275277,0.0,0.001218,0.001789,,0,506,12,74,0.0,0.009067,1
2445,1,,1,1,2,1,10,11,7,0.26728,0.278016,0.0,0.001478,0.001507,,0,506,2,68,0.0,0.008641,1
2807,1,,1,1,2,1,10,11,7,0.25469,0.263921,0.0,0.001199,0.001334,,0,506,3,5,0.0,0.005341,1
2541,1,,1,1,2,1,10,11,7,0.262028,0.271326,0.0,0.001111,0.001,,0,506,2,21,0.0,0.005768,1
3093,1,,1,1,2,1,10,11,7,0.238389,0.246353,0.0,0.000249,0.000245,,0,506,12,74,0.0,0.001403,1
2685,1,,1,1,2,1,10,11,7,0.252103,0.260872,0.0,0.000371,0.000383,,0,506,6,12,0.0,0.002308,1
2696,1,,1,1,2,1,10,11,7,0.252103,0.260872,0.0,0.000371,0.000383,,0,506,6,12,0.0,0.002308,1
2626,1,,1,1,2,1,10,11,7,0.252103,0.260872,0.0,0.000371,0.000383,,0,506,6,12,0.0,0.002308,1
2580,1,,1,2,3,1,10,11,7,0.237573,0.244296,1e-06,3e-05,0.000569,,0,506,2,103,0.0,0.000785,1
2526,1,,1,1,2,1,10,11,7,0.253364,0.260919,0.0,0.000755,0.00073,,0,506,11,26,0.0,0.003836,1
2509,1,,1,1,2,1,10,11,7,0.241353,0.248699,0.0,0.000247,0.00031,,0,506,2,17,0.0,0.001877,1
2905,1,,1,1,2,1,10,11,7,0.238207,0.245419,0.0,0.00044,0.000405,,0,506,14,50,0.0,0.00215,1
3384,1,,1,3,4,1,10,11,7,0.272668,0.283258,4e-06,0.001039,0.00324,,0,506,13,16,0.166667,0.004368,1
3017,1,,1,1,2,1,10,11,7,0.264301,0.273444,0.0,0.001078,0.000647,,0,506,8,53,0.0,0.00324,1
2913,1,,1,1,2,1,10,11,7,0.228615,0.236844,0.0,9.9e-05,0.000102,,0,506,1,48,0.0,0.000643,1
3170,1,,1,1,2,1,10,11,7,0.224049,0.230113,0.0,9.2e-05,6e-05,,0,506,15,49,0.0,0.000338,1
3419,1,,1,1,2,1,10,11,8,0.226309,0.232362,0.0,7.7e-05,9.8e-05,,0,506,3,16,0.0,0.000418,1
2328,1,,2,3,5,2,9,11,7,0.290353,0.306259,1e-06,0.006566,0.008368,,0,506,13,38,0.333333,0.033151,1
1767,1,,2,3,5,3,8,11,6,0.308522,0.322325,0.0,0.003014,0.008127,,0,506,12,74,1.0,0.01788,1
1873,1,,3,4,7,3,8,11,6,0.296252,0.311289,0.0005,0.005069,0.005965,,0,506,3,16,0.25,0.024053,1
1769,1,,3,5,8,3,8,11,7,0.260824,0.271011,0.000242,0.001687,0.001658,,0,506,14,84,0.033333,0.008542,1
1570,1,,4,4,8,4,7,11,6,0.306127,0.325483,8.1e-05,0.007791,0.005366,,0,506,3,16,0.15,0.036929,1
1494,1,,3,5,8,4,7,11,6,0.325826,0.34529,2.1e-05,0.008182,0.010476,,0,506,8,98,0.45,0.045293,1
1398,1,,2,2,4,4,7,11,6,0.288475,0.302224,0.0,0.00306,0.003002,,0,506,2,20,1.0,0.017284,1
1578,1,,2,3,5,4,7,11,6,0.299688,0.316591,0.0,0.006427,0.008563,,0,506,13,44,1.0,0.029132,1
1450,1,,3,6,9,4,7,11,6,0.284036,0.29742,0.000547,0.003269,0.003541,,0,506,6,89,0.0,0.018284,1
1584,1,,2,1,3,4,7,11,2,0.666667,0.75,0.0,0.003625,8.6e-05,,0,207,50,44,0.5,0.015883,1
1478,1,,3,3,6,4,7,11,6,0.296487,0.309021,1e-06,0.005378,0.005653,,0,506,11,45,0.666667,0.030424,1
1531,1,,3,3,6,4,7,11,7,0.275009,0.289061,0.0,0.00205,0.002498,,0,506,12,74,1.0,0.013386,1
1481,1,,2,2,4,4,7,11,7,0.267547,0.278072,5e-06,0.002087,0.002152,,0,506,11,63,0.0,0.011887,1
1597,1,,3,5,8,4,7,11,7,0.282154,0.294463,1e-06,0.002038,0.004131,,0,506,3,16,0.45,0.008653,1
1462,1,,3,3,6,4,7,11,7,0.245673,0.25349,0.000406,0.00033,0.000603,,0,506,8,93,0.0,0.003683,1
1339,1,,4,4,8,5,6,11,6,0.317569,0.338008,0.000268,0.00872,0.008924,,0,506,13,5,0.166667,0.048198,1
1290,1,,4,5,9,5,6,11,6,0.31792,0.337706,2.8e-05,0.006663,0.010792,,0,506,11,48,0.5,0.038465,1
1288,1,,5,5,10,5,6,11,6,0.323073,0.342687,3.5e-05,0.010668,0.01093,,0,506,1,2,0.5,0.059498,1
1209,1,,3,3,6,5,6,11,6,0.309618,0.323121,0.0,0.006726,0.006976,,0,506,8,71,1.0,0.037739,1
1264,1,,3,3,6,5,6,11,6,0.294229,0.308229,1.2e-05,0.004329,0.004458,,0,506,2,17,0.166667,0.024904,1
1378,1,,4,6,10,5,6,11,6,0.306403,0.322347,6e-06,0.008592,0.01436,,0,506,13,27,0.5,0.043911,1
1254,1,,3,4,7,5,6,11,6,0.305678,0.323014,0.000213,0.006931,0.008878,,0,506,6,3,0.333333,0.034815,1
1325,1,,3,3,6,5,6,11,6,0.285638,0.299867,5e-06,0.005728,0.005658,,0,506,8,45,0.166667,0.029136,1
1304,1,,3,3,6,5,6,11,7,0.286031,0.298237,8e-06,0.006533,0.003931,,0,506,7,63,0.25,0.033406,1
1269,1,,5,5,10,5,6,11,7,0.291459,0.302725,0.000988,0.004123,0.004265,,0,506,8,89,0.0,0.022309,1
1294,1,,2,2,4,5,6,11,7,0.279439,0.291218,2e-06,0.003394,0.003789,,0,506,11,100,0.5,0.019135,1
1280,1,,3,4,7,5,6,11,6,0.301715,0.313589,1.3e-05,0.004188,0.004468,,0,506,2,2,0.083333,0.020561,1
1276,1,,5,6,11,5,6,11,7,0.2716,0.282927,2.8e-05,0.002607,0.002522,,0,506,11,50,0.133333,0.013124,1
1227,1,,1,4,5,5,6,11,7,0.251696,0.261422,1e-06,0.000367,0.001408,,0,506,2,20,0.083333,0.000963,1
1147,1,,6,9,15,6,5,11,6,0.332328,0.355418,0.00022,0.01377,0.017027,,0,506,1,79,0.319444,0.07695,1
1148,1,,6,5,11,6,5,11,6,0.304956,0.324851,4.6e-05,0.007708,0.006598,,0,506,7,24,0.533333,0.042495,1
1090,1,,4,4,8,6,5,11,6,0.310311,0.322934,0.000491,0.006317,0.006699,,0,506,2,68,0.416667,0.035488,1
1088,1,,4,4,8,6,5,11,6,0.289545,0.303109,5.1e-05,0.002946,0.002738,,0,506,2,20,0.0,0.015784,1
1194,1,,6,5,11,6,5,11,7,0.276429,0.289634,0.001401,0.003115,0.003134,,0,506,14,74,0.1,0.016013,1
1157,1,,5,5,10,6,5,11,6,0.280969,0.294387,0.000296,0.004645,0.004686,,0,506,13,53,0.05,0.024867,1
1171,1,,4,4,8,6,5,11,7,0.306152,0.322928,2e-06,0.011761,0.011419,,0,506,7,40,0.75,0.059678,1
1182,1,,4,4,8,6,5,11,7,0.266652,0.279649,6.4e-05,0.001539,0.002112,,0,506,12,74,0.25,0.011072,1
1173,1,,6,5,11,6,5,11,7,0.280108,0.292381,1.3e-05,0.0051,0.00483,,0,506,13,56,0.066667,0.024886,1
1100,1,,4,4,8,6,5,11,7,0.291663,0.302347,8.8e-05,0.002108,0.002241,,0,506,6,89,0.25,0.012623,1
1084,1,,4,4,8,6,5,11,7,0.254396,0.263232,0.00064,0.000519,0.000449,,0,506,1,68,0.0,0.002696,1
1099,1,,5,4,9,6,5,11,6,0.277248,0.28888,8e-06,0.00437,0.003841,,0,506,2,71,0.35,0.024808,1
1207,1,,2,1,3,6,5,11,8,0.223102,0.229583,0.0,0.000195,0.000108,,0,506,3,16,1.0,0.000706,1
1101,1,,5,5,10,6,5,11,7,0.264731,0.274785,1.7e-05,0.001225,0.001356,,0,506,2,54,0.0,0.007619,1
1024,1,,4,4,8,7,4,11,6,0.304115,0.323779,0.000182,0.009243,0.005925,,0,506,1,70,0.1,0.051414,1
1025,1,,6,4,10,7,4,11,6,0.31098,0.330798,4.5e-05,0.011511,0.007627,,0,506,11,83,0.5,0.063951,1
980,1,,6,8,14,8,3,11,6,0.296112,0.312454,7.3e-05,0.00743,0.01079,,0,506,11,65,0.160714,0.038528,1
967,1,,7,8,15,8,3,11,7,0.303819,0.318457,8.2e-05,0.010718,0.007209,,0,506,2,43,0.055556,0.050451,1
933,1,,6,5,11,8,3,11,6,0.296206,0.308273,0.000107,0.009192,0.003282,,0,506,2,4,0.142857,0.043112,1
908,1,,3,2,5,8,3,11,7,0.269258,0.279902,2e-06,0.001468,0.001041,,0,506,2,20,0.333333,0.007006,1
913,1,,4,3,7,8,3,11,7,0.254863,0.263328,0.000642,0.000611,0.000684,,0,506,14,45,0.0,0.00392,1
858,1,,4,2,6,9,2,11,8,0.237468,0.244191,6.8e-05,0.000784,0.000162,,0,506,6,89,0.0,0.0047,1
764,1,,2,0,2,11,0,11,0,0.0,0.0,0.0,0.003944,0.0,,0,133,13,28,0.0,0.018312,1
724,1,,2,0,2,11,0,11,0,0.0,0.0,0.0,0.000159,0.0,,0,58,6,89,0.5,0.000455,1
436,1,,7,4,11,18,-7,11,6,0.301642,0.313104,0.000462,0.004973,0.004452,,0,506,2,2,0.053571,0.028597,1
145,1,,84,72,156,51,-40,11,6,0.361435,0.387772,0.009601,0.097085,0.070594,,0,506,13,92,0.083939,0.467304,1
6878,1,,2,2,4,0,12,12,7,0.300795,0.312555,1e-05,0.004861,0.004784,,0,506,13,52,0.0,0.024743,1
3269,1,,1,2,3,1,11,12,7,0.301788,0.313791,0.0,0.004735,0.005663,,0,506,13,39,0.0,0.024045,1
2995,1,,1,2,3,1,11,12,7,0.266217,0.276026,0.0,0.001427,0.001873,,0,506,14,72,1.0,0.006673,1
2510,1,,1,2,3,1,11,12,7,0.246044,0.253494,3e-06,0.000247,0.000337,,0,506,2,17,0.0,0.001877,1
2529,1,,1,2,3,1,11,12,7,0.234129,0.242607,0.000228,0.000115,0.00012,,0,506,6,2,0.0,0.000762,1
2006,1,,1,1,2,2,10,12,6,0.301133,0.312125,0.0,0.003788,0.0041,,0,506,8,13,0.0,0.021127,1
2436,1,,1,4,5,2,10,12,7,0.285334,0.299091,0.0,0.002701,0.004625,,0,506,3,16,0.916667,0.011728,1
2414,1,,1,1,2,2,10,12,7,0.259865,0.269546,0.0,0.001728,0.001838,,0,506,13,73,0.0,0.009222,1
2070,1,,1,1,2,2,10,12,7,0.261936,0.270579,0.0,0.001242,0.001143,,0,506,2,96,0.0,0.006265,1
2046,1,,2,1,3,2,10,12,7,0.252103,0.260872,5e-06,0.000513,0.000383,,0,506,6,3,0.0,0.003896,1
1990,1,,1,1,2,2,10,12,7,0.246189,0.253804,0.0,0.000551,0.000503,,0,506,15,12,0.0,0.002923,1
1916,1,,2,3,5,2,10,12,7,0.243787,0.250749,2e-06,0.000344,0.000822,,0,506,2,5,0.0,0.002139,1
2207,1,,2,2,4,2,10,12,7,0.259613,0.269054,3e-06,0.001465,0.001608,,0,506,7,40,0.0,0.008612,1
1811,1,,7,7,14,3,9,12,7,0.298304,0.312844,0.000133,0.004197,0.007931,,0,506,7,93,0.214286,0.022027,1
1681,1,,1,1,2,3,9,12,7,0.248096,0.257222,0.0,0.000429,0.000675,,0,506,6,3,0.0,0.004138,1
1525,1,,4,4,8,4,8,12,6,0.31819,0.338653,8.7e-05,0.00842,0.008295,,0,506,1,77,0.333333,0.046018,1
1545,1,,1,1,2,4,8,12,7,0.278525,0.292764,0.0,0.003818,0.004185,,0,506,13,38,0.0,0.021747,1
1535,1,,4,4,8,4,8,12,6,0.298923,0.315257,2.6e-05,0.007314,0.007739,,0,506,12,24,0.5,0.040281,1
1571,1,,2,3,5,4,8,12,6,0.291459,0.307842,2e-06,0.006502,0.006117,,0,506,13,77,0.5,0.030677,1
1566,1,,2,3,5,4,8,12,6,0.295715,0.312348,0.0,0.006502,0.007735,,0,506,13,44,0.666667,0.030677,1
1586,1,,4,5,9,4,8,12,6,0.280611,0.293324,0.00027,0.003453,0.004185,,0,506,15,25,0.15,0.017269,1
1526,1,,3,3,6,4,8,12,7,0.278277,0.289579,8e-06,0.002119,0.002037,,0,506,1,35,0.0,0.011241,1
1506,1,,2,3,5,4,8,12,7,0.282366,0.293473,2e-06,0.002535,0.003415,,0,506,8,53,0.0,0.014442,1
1544,1,,4,6,10,4,8,12,6,0.287016,0.300116,1.5e-05,0.004409,0.003158,,0,506,1,22,0.0,0.015018,1
1444,1,,2,2,4,4,8,12,7,0.252289,0.262066,2.2e-05,0.000522,0.000814,,0,506,6,56,0.0,0.004982,1
1295,1,,4,4,8,5,7,12,6,0.32495,0.34545,6.3e-05,0.009796,0.008769,,0,506,1,93,0.5,0.049293,1
1232,1,,4,5,9,5,7,12,6,0.320065,0.338836,0.000745,0.007448,0.007741,,0,506,8,1,0.2,0.041959,1
1362,1,,2,2,4,5,7,12,7,0.283541,0.298542,0.0,0.005499,0.006085,,0,506,13,38,1.0,0.031489,1
1372,1,,4,3,7,5,7,12,7,0.278629,0.291525,7.2e-05,0.003923,0.003352,,0,506,13,30,0.166667,0.020932,1
1373,1,,2,2,4,5,7,12,7,0.277926,0.290844,4.1e-05,0.003136,0.003319,,0,506,8,88,0.0,0.017142,1
1346,1,,5,5,10,5,7,12,6,0.304659,0.321159,5e-06,0.014103,0.011383,,0,506,15,43,0.766667,0.065046,1
1333,1,,3,3,6,5,7,12,7,0.268333,0.279242,2e-05,0.00208,0.002513,,0,506,11,88,0.166667,0.013721,1
1306,1,,1,1,2,5,7,12,7,0.263725,0.273972,0.0,0.000805,0.000783,,0,506,1,4,0.0,0.004719,1
1252,1,,4,3,7,5,7,12,7,0.251967,0.260195,1.8e-05,0.000561,0.00046,,0,506,7,93,0.166667,0.002819,1
1186,1,,6,6,12,6,6,12,6,0.310285,0.328992,5.7e-05,0.006777,0.006911,,0,506,13,30,0.133333,0.037752,1
1129,1,,6,6,12,6,6,12,6,0.317812,0.338466,0.000539,0.008149,0.008431,,0,506,1,22,0.166667,0.046028,1
1127,1,,6,6,12,6,6,12,6,0.316203,0.330042,6.3e-05,0.010896,0.011669,,0,506,2,9,0.266667,0.061013,1
1156,1,,6,6,12,6,6,12,6,0.323659,0.338377,4.3e-05,0.013403,0.013731,,0,506,15,31,0.366667,0.070695,1
1184,1,,5,5,10,6,6,12,6,0.307509,0.324455,2e-06,0.014069,0.013402,,0,506,13,27,0.9,0.069199,1
1169,1,,2,3,5,6,6,12,7,0.290128,0.304947,1e-06,0.001771,0.005975,,0,506,7,38,0.666667,0.009317,1
1107,1,,4,2,6,6,6,12,6,0.289881,0.303781,3.1e-05,0.003798,0.003462,,0,506,2,17,0.333333,0.020479,1
1091,1,,2,2,4,6,6,12,6,0.292597,0.306912,0.0,0.00408,0.003969,,0,506,2,68,1.0,0.022757,1
1139,1,,6,6,12,6,6,12,6,0.318785,0.334539,3.4e-05,0.011555,0.011565,,0,506,11,47,0.4,0.062039,1
1152,1,,4,4,8,6,6,12,6,0.298423,0.314265,3e-06,0.009902,0.010094,,0,506,14,2,0.666667,0.05272,1
1150,1,,5,5,10,6,6,12,6,0.306905,0.319442,6e-06,0.007193,0.007457,,0,506,14,90,0.3,0.038795,1
1137,1,,6,6,12,6,6,12,6,0.318758,0.333774,3.9e-05,0.012561,0.012524,,0,506,11,100,0.3,0.065353,1
1146,1,,4,4,8,6,6,12,6,0.304882,0.317988,6e-06,0.00778,0.008586,,0,506,7,61,0.166667,0.044745,1
1145,1,,5,5,10,6,6,12,6,0.310388,0.323614,3e-06,0.011229,0.01083,,0,506,2,98,0.65,0.056701,1
1168,1,,2,2,4,6,6,12,7,0.274024,0.287349,0.0,0.0018,0.002239,,0,506,12,74,1.0,0.011722,1
1172,1,,2,2,4,6,6,12,7,0.266141,0.27892,0.0,0.001468,0.002048,,0,506,12,74,1.0,0.010731,1
1164,1,,5,5,10,6,6,12,7,0.286512,0.298555,4.7e-05,0.002925,0.002875,,0,506,1,2,0.0,0.01578,1
1132,1,,5,5,10,6,6,12,6,0.309618,0.322747,5.3e-05,0.007433,0.006337,,0,506,8,102,0.1,0.034775,1
1149,1,,6,6,12,6,6,12,7,0.296487,0.308672,2.1e-05,0.006519,0.007452,,0,506,1,24,0.0,0.038808,1
1191,1,,6,6,12,6,6,12,7,0.297641,0.311398,1.6e-05,0.007848,0.007657,,0,506,13,65,0.333333,0.039685,1
1141,1,,2,2,4,6,6,12,7,0.269762,0.280258,0.000174,0.0012,0.000975,,0,506,14,5,0.0,0.005464,1
1125,1,,2,2,4,6,6,12,7,0.264245,0.273315,1e-06,0.001368,0.001435,,0,506,6,72,0.5,0.007789,1
1077,1,,4,4,8,6,6,12,6,0.289321,0.301459,1.4e-05,0.004503,0.004387,,0,506,11,93,0.25,0.023544,1
1140,1,,6,6,12,6,6,12,7,0.295481,0.308676,3.7e-05,0.006884,0.006235,,0,506,3,90,0.196429,0.037099,1
1095,1,,5,5,10,6,6,12,7,0.269433,0.280189,1.3e-05,0.001879,0.001667,,0,506,8,65,0.1,0.009447,1
1154,1,,5,5,10,6,6,12,7,0.279815,0.290949,0.000529,0.001981,0.001948,,0,506,6,2,0.0,0.010053,1
1122,1,,3,3,6,6,6,12,7,0.246805,0.255277,1.7e-05,0.000322,0.000242,,0,506,6,52,0.0,0.001693,1
1119,1,,3,3,6,6,6,12,7,0.252306,0.26232,5.3e-05,0.000511,0.000871,,0,506,6,52,0.166667,0.005461,1
1121,1,,2,2,4,6,6,12,8,0.195451,0.200802,1.7e-05,1e-05,2.9e-05,,0,506,6,89,0.0,0.000348,1
1114,1,,2,2,4,6,6,12,7,0.248277,0.257618,0.0,0.000464,0.000721,,0,506,14,3,1.0,0.004546,1
1183,1,,1,1,2,6,6,12,8,0.201886,0.205651,0.0,1.2e-05,1.5e-05,,0,506,8,88,0.0,9.1e-05,1
1126,1,,1,1,2,6,6,12,9,0.168412,0.171283,0.0,0.0,0.0,,0,506,6,89,0.0,3.4e-05,1
1112,1,,2,2,4,6,6,12,7,0.2502,0.259315,0.0,0.000487,0.000752,,0,506,6,52,1.0,0.004625,1
1066,1,,5,5,10,7,5,12,6,0.295225,0.314314,0.000665,0.003946,0.003901,,0,506,1,5,0.2,0.022433,1
1034,1,,7,5,12,7,5,12,6,0.327592,0.346691,8e-05,0.017114,0.01401,,0,506,14,98,0.261905,0.088188,1
1021,1,,5,5,10,7,5,12,6,0.289053,0.301841,0.000368,0.004969,0.005162,,0,506,1,4,0.15,0.026803,1
1020,1,,5,5,10,7,5,12,7,0.300843,0.314957,0.000107,0.003866,0.007952,,0,506,11,84,0.266667,0.022008,1
1012,1,,6,5,11,7,5,12,8,0.213699,0.219766,0.000994,7.9e-05,2.8e-05,,0,506,1,4,0.0,0.000518,1
910,1,,3,2,5,8,4,12,6,0.286052,0.299128,2e-06,0.003398,0.00286,,0,506,2,71,0.333333,0.01753,1
940,1,,7,4,11,8,4,12,7,0.248047,0.257069,0.000515,0.005032,0.000283,,0,506,1,48,0.0,0.02193,1
922,1,,4,4,8,8,4,12,7,0.255646,0.264708,0.000269,0.000933,0.000966,,0,506,2,96,0.0,0.005937,1
923,1,,3,2,5,8,4,12,9,0.172133,0.175606,0.000495,4e-06,1e-06,,0,506,97,70,0.0,0.000513,1
846,1,,5,3,8,9,3,12,6,0.316657,0.337443,0.000123,0.00917,0.006645,,0,506,2,2,0.2,0.044485,1
905,1,,3,3,6,9,3,12,7,0.292483,0.305927,0.00049,0.004154,0.003276,,0,506,3,16,0.333333,0.016061,1
802,1,,3,2,5,10,2,12,7,0.283928,0.297338,2e-06,0.008085,0.004542,,0,506,8,45,0.333333,0.037473,1
762,1,,10,11,21,11,1,12,6,0.308547,0.322876,0.001902,0.009211,0.007757,,0,506,1,70,0.027273,0.039878,1
765,1,,2,1,3,11,1,12,7,0.233735,0.240791,0.0,0.001399,0.000306,,0,506,13,78,1.0,0.007605,1
2268,1,,2,2,4,2,11,13,7,0.266368,0.278991,1.1e-05,0.001467,0.002034,,0,506,12,74,0.0,0.01047,1
2171,1,,2,2,4,2,11,13,6,0.294321,0.306641,4e-06,0.004444,0.003532,,0,506,1,98,0.0,0.019076,1
2111,1,,2,2,4,2,11,13,7,0.263243,0.272065,1e-06,0.001455,0.001426,,0,506,2,9,0.0,0.007727,1
1850,1,,1,1,2,3,10,13,8,0.226118,0.231639,0.0,0.000141,0.000281,,0,506,8,88,0.0,0.001591,1
1712,1,,1,1,2,3,10,13,7,0.240825,0.246905,0.0,0.000298,0.00027,,0,506,11,79,0.0,0.001457,1
1680,1,,2,1,3,3,10,13,8,0.203509,0.207996,4e-06,2.2e-05,9.9e-05,,0,506,8,89,0.0,0.000532,1
1907,1,,1,1,2,3,10,13,8,0.224667,0.230812,0.0,8.4e-05,4.3e-05,,0,506,3,16,0.0,0.00022,1
1445,1,,2,2,4,4,9,13,6,0.311471,0.332119,0.0,0.006157,0.006001,,0,506,1,1,1.0,0.034337,1
1541,1,,3,4,7,4,9,13,6,0.293975,0.309701,7e-06,0.004344,0.008094,,0,506,13,40,0.5,0.022997,1
1596,1,,3,4,7,4,9,13,7,0.286271,0.29982,1.4e-05,0.003648,0.003079,,0,506,3,20,0.416667,0.015082,1
1565,1,,1,2,3,4,9,13,7,0.260299,0.26997,1e-06,0.000146,0.000581,,0,506,7,74,0.0,0.000822,1
1498,1,,3,3,6,4,9,13,7,0.273843,0.285276,3e-06,0.002471,0.002409,,0,506,7,24,0.333333,0.013147,1
1298,1,,5,6,11,5,8,13,6,0.295132,0.3106,5e-05,0.006887,0.008465,,0,506,14,53,0.133333,0.033865,1
1210,1,,8,8,16,5,8,13,6,0.300626,0.316302,0.000832,0.004426,0.005089,,0,506,6,20,0.013889,0.027087,1
1220,1,,2,3,5,5,8,13,7,0.258432,0.269511,3.1e-05,0.000472,0.000854,,0,506,2,91,0.333333,0.001826,1
1259,1,,2,3,5,5,8,13,7,0.254448,0.263011,2e-05,0.000229,0.001055,,0,506,2,3,0.0,0.002518,1
1377,1,,2,3,5,5,8,13,8,0.221428,0.227591,0.0,0.000119,0.000178,,0,506,14,72,1.0,0.000602,1
1198,1,,4,4,8,6,7,13,6,0.30898,0.328525,4.6e-05,0.007857,0.0078,,0,506,15,30,0.333333,0.042059,1
1197,1,,4,4,8,6,7,13,6,0.313924,0.333102,2.9e-05,0.007982,0.007137,,0,506,13,65,0.416667,0.038942,1
1167,1,,5,5,10,6,7,13,6,0.318379,0.33783,3.9e-05,0.009294,0.009544,,0,506,14,90,0.3,0.051338,1
1195,1,,7,4,11,6,7,13,6,0.287921,0.300987,7.4e-05,0.012275,0.003974,,0,506,13,58,0.119048,0.056744,1
1109,1,,2,3,5,6,7,13,6,0.286315,0.29948,0.000191,0.002723,0.002586,,0,506,97,70,0.0,0.014846,1
1083,1,,6,7,13,6,7,13,7,0.287678,0.302218,0.000143,0.004379,0.004208,,0,506,2,65,0.190476,0.024429,1
1120,1,,5,6,11,6,7,13,7,0.272034,0.283954,6.6e-05,0.001073,0.001086,,0,506,6,52,0.071429,0.005237,1
1188,1,,3,3,6,6,7,13,7,0.27838,0.289557,7e-06,0.002232,0.003146,,0,506,12,74,0.0,0.015591,1
1144,1,,5,5,10,6,7,13,7,0.2923,0.30647,2.8e-05,0.005871,0.005762,,0,506,14,98,0.45,0.030547,1
1166,1,,5,5,10,6,7,13,7,0.293055,0.305184,0.000293,0.003883,0.00348,,0,506,2,61,0.0,0.018385,1
1106,1,,5,6,11,6,7,13,7,0.27109,0.283207,3.7e-05,0.002117,0.002125,,0,506,2,17,0.133333,0.012048,1
1118,1,,3,3,6,6,7,13,7,0.271227,0.282135,3.6e-05,0.001711,0.00192,,0,506,6,52,0.0,0.01108,1
1133,1,,4,5,9,6,7,13,7,0.276511,0.288536,0.0001,0.001825,0.002384,,0,506,14,48,0.0,0.011004,1
1193,1,,1,2,3,6,7,13,7,0.263114,0.272899,1e-05,0.000104,0.000944,,0,506,14,72,0.0,0.000481,1
1161,1,,3,4,7,6,7,13,7,0.25596,0.26484,1.8e-05,0.000498,0.00087,,0,506,11,100,0.0,0.002964,1
1115,1,,4,4,8,6,7,13,7,0.250468,0.257992,0.0005,0.000477,0.000506,,0,506,1,83,0.0,0.002922,1
1051,1,,6,6,12,7,6,13,6,0.321907,0.342265,0.000115,0.011361,0.011074,,0,506,13,56,0.466667,0.059406,1
1048,1,,4,4,8,7,6,13,7,0.303967,0.318546,1.5e-05,0.008211,0.008289,,0,506,7,93,0.5,0.043906,1
1040,1,,5,4,9,7,6,13,6,0.301667,0.313602,0.00051,0.006206,0.005841,,0,506,14,2,0.1,0.034355,1
1018,1,,5,5,10,7,6,13,7,0.29976,0.312751,7.1e-05,0.004515,0.004409,,0,506,2,58,0.1,0.023765,1
1004,1,,5,6,11,7,6,13,7,0.289433,0.301897,0.000288,0.003106,0.003723,,0,506,2,3,0.066667,0.017147,1
990,1,,6,5,11,7,6,13,7,0.277844,0.288967,0.000989,0.002026,0.001743,,0,506,8,71,0.0,0.011257,1
1053,1,,5,5,10,7,6,13,7,0.29294,0.307039,2.6e-05,0.005592,0.005615,,0,506,15,10,0.1,0.02955,1
999,1,,4,4,8,7,6,13,7,0.255698,0.265206,8e-06,0.001094,0.001002,,0,506,6,17,0.166667,0.006098,1
957,1,,3,2,5,8,5,13,7,0.258343,0.267844,9.1e-05,0.002567,0.001396,,0,506,14,40,0.0,0.014901,1
963,1,,1,1,2,8,5,13,7,0.221742,0.22693,0.0,6.8e-05,0.000151,,0,506,2,43,0.0,0.000901,1
886,1,,6,3,9,9,4,13,7,0.280674,0.293962,8e-06,0.010883,0.005425,,0,506,13,65,0.5,0.0593,1
847,1,,3,2,5,9,4,13,7,0.250535,0.259161,1.3e-05,0.000836,0.000801,,0,506,2,20,0.333333,0.005635,1
845,1,,4,3,7,9,4,13,7,0.269782,0.280725,6.1e-05,0.00198,0.001486,,0,506,2,83,0.25,0.009476,1
792,1,,13,13,26,10,3,13,6,0.295388,0.308487,0.002105,0.003927,0.003398,,0,506,8,9,0.010989,0.020881,1
740,1,,5,5,10,11,2,13,7,0.278629,0.289979,0.000511,0.001526,0.003514,,0,506,11,88,0.233333,0.009409,1
746,1,,2,2,4,11,2,13,7,0.281878,0.29247,0.0,0.002373,0.002271,,0,506,1,48,1.0,0.012152,1
737,1,,3,2,5,11,2,13,7,0.266823,0.276622,7e-06,0.002109,0.002514,,0,506,11,88,0.333333,0.015239,1
687,1,,10,11,21,12,1,13,6,0.315563,0.331545,2.7e-05,0.01412,0.016474,,0,506,14,64,0.333333,0.078346,1
694,1,,8,8,16,12,1,13,6,0.31403,0.330713,0.000107,0.012383,0.011622,,0,506,14,78,0.196429,0.05987,1
659,1,,3,1,4,12,1,13,7,0.251612,0.259244,1.6e-05,0.002128,0.000624,,0,506,12,20,0.166667,0.013728,1
627,1,,9,9,18,13,0,13,6,0.298138,0.31342,0.000638,0.007751,0.006615,,0,506,15,80,0.044444,0.035217,1
653,1,,4,0,4,13,0,13,0,0.0,0.0,0.0,0.003384,0.0,,0,118,3,16,0.5,0.014344,1
620,1,,6,7,13,13,0,13,7,0.268621,0.279445,0.000163,0.000834,0.001207,,0,506,1,9,0.0,0.006088,1
631,1,,3,0,3,13,0,13,0,0.0,0.0,0.0,0.001342,0.0,,0,345,14,84,0.333333,0.00589,1
564,1,,8,9,17,14,-1,13,6,0.316764,0.330745,0.000158,0.008189,0.010169,,0,506,2,20,0.1,0.0479,1
6014,1,,0,5,5,0,14,14,6,0.301456,0.319353,0.0,0.0,0.009753,,0,509,13,89,0.3,0.0,1
5389,1,,5,5,10,0,14,14,7,0.278422,0.291968,0.000289,0.003082,0.00449,,0,506,12,74,0.233333,0.019101,1
3134,1,,3,4,7,1,13,14,6,0.31792,0.337163,6e-06,0.009975,0.008235,,0,506,1,9,0.4,0.048034,1
2293,1,,5,9,14,2,12,14,7,0.312354,0.330414,2.2e-05,0.005717,0.012687,,0,506,3,16,0.444444,0.022929,1
1915,1,,2,3,5,2,12,14,7,0.275454,0.286369,1.3e-05,0.001147,0.003464,,0,506,14,2,0.0,0.006109,1
2225,1,,4,3,7,2,12,14,7,0.289881,0.303054,1.4e-05,0.005767,0.004089,,0,506,13,10,0.0,0.029754,1
1611,1,,6,4,10,3,11,14,6,0.28812,0.301655,1.5e-05,0.00613,0.004271,,0,506,2,53,0.238095,0.041301,1
1424,1,,3,3,6,4,10,14,7,0.299425,0.312239,1.2e-05,0.00475,0.004746,,0,506,8,53,0.0,0.025255,1
1517,1,,6,6,12,4,10,14,7,0.306829,0.321807,5.1e-05,0.010976,0.010046,,0,506,13,2,0.233333,0.052286,1
1428,1,,3,4,7,4,10,14,7,0.270913,0.282148,0.000497,0.001442,0.002121,,0,506,2,71,0.0,0.008772,1
1315,1,,2,2,4,5,9,14,6,0.293629,0.312437,5.5e-05,0.003592,0.003583,,0,506,1,4,0.0,0.020488,1
1283,1,,4,4,8,5,9,14,6,0.321741,0.34114,2e-05,0.009243,0.009284,,0,506,13,90,0.583333,0.05037,1
1347,1,,3,3,6,5,9,14,7,0.295109,0.311679,2.5e-05,0.00782,0.007953,,0,506,13,38,0.333333,0.041682,1
1361,1,,3,3,6,5,9,14,6,0.298804,0.317961,0.0,0.010321,0.01002,,0,506,13,38,1.0,0.052424,1
1374,1,,4,4,8,5,9,14,6,0.291891,0.306966,0.0,0.00873,0.008785,,0,506,13,39,1.0,0.045404,1
1343,1,,4,4,8,5,9,14,6,0.29446,0.310044,1.6e-05,0.006672,0.006058,,0,506,13,31,0.25,0.03211,1
1352,1,,3,3,6,5,9,14,7,0.288675,0.30329,3e-06,0.006022,0.005883,,0,506,7,93,0.166667,0.030666,1
1098,1,,5,6,11,6,8,14,6,0.308015,0.320189,9.7e-05,0.005253,0.005665,,0,506,6,91,0.133333,0.028778,1
1175,1,,4,4,8,6,8,14,6,0.304115,0.31982,0.000511,0.008201,0.008653,,0,506,13,96,0.25,0.044978,1
1085,1,,2,2,4,6,8,14,6,0.289612,0.304119,5.9e-05,0.002969,0.002636,,0,506,2,20,0.0,0.01508,1
1185,1,,4,4,8,6,8,14,6,0.301327,0.317934,4e-06,0.009987,0.009853,,0,506,13,22,0.666667,0.052063,1
1104,1,,6,5,11,6,8,14,7,0.23569,0.242267,0.001197,0.003795,0.000138,,0,506,97,70,0.133333,0.016588,1
1163,1,,2,2,4,6,8,14,7,0.301133,0.315326,1e-06,0.006557,0.006724,,0,506,7,23,0.5,0.035549,1
1111,1,,5,5,10,6,8,14,6,0.301885,0.314505,0.000125,0.005106,0.004525,,0,506,8,102,0.05,0.024263,1
1078,1,,4,6,10,6,8,14,7,0.302397,0.315806,0.000304,0.003861,0.005356,,0,506,2,45,0.133333,0.021175,1
1116,1,,3,3,6,6,8,14,6,0.307333,0.31982,3.2e-05,0.005307,0.005614,,0,506,6,3,0.5,0.029771,1
1190,1,,5,6,11,6,8,14,6,0.308904,0.322907,1.6e-05,0.005623,0.008499,,0,506,13,64,0.133333,0.020098,1
1082,1,,2,1,3,6,8,14,7,0.250468,0.258916,0.0,0.000825,0.00054,,0,506,2,20,1.0,0.004131,1
1123,1,,4,4,8,6,8,14,8,0.234657,0.241768,0.000981,0.000142,0.000178,,0,506,6,57,0.0,0.001234,1
986,1,,6,6,12,7,7,14,6,0.307282,0.319393,5.5e-05,0.004908,0.005213,,0,506,6,17,0.2,0.027841,1
1056,1,,4,4,8,7,7,14,6,0.302299,0.318335,3e-06,0.0103,0.011464,,0,506,13,81,0.333333,0.0585,1
1054,1,,4,4,8,7,7,14,6,0.317569,0.335344,4e-05,0.011949,0.012005,,0,506,13,81,0.416667,0.063479,1
1003,1,,4,4,8,7,7,14,6,0.301061,0.315288,7.6e-05,0.004682,0.004269,,0,506,2,17,0.166667,0.024178,1
1010,1,,4,4,8,7,7,14,6,0.292689,0.307268,0.000979,0.004084,0.003973,,0,506,2,68,0.166667,0.02284,1
1057,1,,2,2,4,7,7,14,6,0.288342,0.303607,0.0,0.006598,0.006545,,0,506,13,37,1.0,0.034249,1
1055,1,,3,3,6,7,7,14,6,0.289187,0.302344,1.8e-05,0.004761,0.004872,,0,506,13,30,0.333333,0.025465,1
1069,1,,1,1,2,7,7,14,8,0.214224,0.219979,0.0,0.002881,0.000282,,0,506,13,77,0.5,0.015207,1
1030,1,,5,4,9,7,7,14,7,0.303893,0.316785,8e-06,0.009759,0.00696,,0,506,8,98,0.35,0.053852,1
993,1,,4,4,8,7,7,14,7,0.278981,0.291671,0.000282,0.002763,0.002715,,0,506,2,45,0.166667,0.015663,1
1042,1,,1,1,2,7,7,14,7,0.272827,0.282662,0.0,0.001644,0.001571,,0,506,11,101,0.0,0.008163,1
1032,1,,8,6,14,7,7,14,6,0.298233,0.311912,0.000154,0.011169,0.005888,,0,506,13,30,0.125,0.045925,1
1007,1,,3,3,6,7,7,14,7,0.24412,0.253181,0.00075,0.00029,0.000335,,0,506,97,70,0.0,0.002379,1
1001,1,,7,7,14,7,7,14,7,0.268641,0.279951,0.00013,0.002171,0.002148,,0,506,2,12,0.02381,0.012129,1
992,1,,5,5,10,7,7,14,7,0.285682,0.297045,5.1e-05,0.002728,0.003027,,0,506,8,91,0.0,0.016143,1
1022,1,,5,5,10,7,7,14,7,0.285987,0.298342,1.1e-05,0.00442,0.004504,,0,506,7,40,0.2,0.02447,1
1005,1,,1,1,2,7,7,14,7,0.246189,0.253804,0.0,0.000551,0.000503,,0,506,15,12,0.0,0.002923,1
1058,1,,2,3,5,7,7,14,7,0.272094,0.2827,7e-06,0.001403,0.001471,,0,506,11,70,0.0,0.007727,1
1014,1,,3,3,6,7,7,14,7,0.240501,0.247806,1.3e-05,0.000239,0.000354,,0,506,2,3,0.0,0.002139,1
1002,1,,3,3,6,7,7,14,7,0.255908,0.264121,1e-06,0.000745,0.000821,,0,506,2,17,0.333333,0.004689,1
1008,1,,5,6,11,7,7,14,7,0.240918,0.248885,0.000384,2.6e-05,0.00113,,0,506,6,89,0.0,0.000905,1
1006,1,,3,3,6,7,7,14,7,0.248689,0.258254,0.000285,0.000485,0.000762,,0,506,6,3,0.0,0.004702,1
961,1,,6,5,11,8,6,14,6,0.303524,0.319202,3e-06,0.011193,0.009245,,0,506,7,57,0.7,0.055573,1
914,1,,5,5,10,8,6,14,7,0.301109,0.314156,0.000265,0.005007,0.004757,,0,506,14,89,0.2,0.025942,1
965,1,,3,3,6,8,6,14,7,0.266501,0.279347,1.4e-05,0.001596,0.002299,,0,506,12,22,0.333333,0.011813,1
984,1,,6,4,10,8,6,14,7,0.289724,0.303307,2.5e-05,0.00493,0.00346,,0,506,3,16,0.3,0.020678,1
862,1,,5,4,9,9,5,14,7,0.273763,0.285364,0.000133,0.005608,0.00199,,0,506,6,57,0.1,0.032801,1
892,1,,3,5,8,9,5,14,6,0.302056,0.316716,2e-05,0.002418,0.005416,,0,506,11,72,0.15,0.012622,1
902,1,,5,2,7,9,5,14,7,0.262432,0.273409,8e-06,0.004767,0.001027,,0,506,3,16,0.45,0.019651,1
856,1,,3,3,6,9,5,14,7,0.246887,0.25501,0.000697,0.000553,0.000505,,0,506,6,12,0.0,0.003016,1
839,1,,5,4,9,9,5,14,7,0.281941,0.29344,0.000517,0.003018,0.00222,,0,506,14,93,0.0,0.01319,1
810,1,,6,1,7,10,4,14,6,0.273964,0.285775,4.6e-05,0.015575,0.002899,,0,506,7,10,0.4,0.083006,1
773,1,,5,3,8,10,4,14,6,0.286271,0.299426,1.2e-05,0.003707,0.002777,,0,506,2,57,0.2,0.020199,1
626,1,,5,1,6,13,1,14,7,0.25788,0.266679,1e-06,0.008007,0.000501,,0,506,2,90,0.25,0.035942,1
619,1,,10,10,20,13,1,14,7,0.264432,0.275885,0.000309,0.00153,0.001332,,0,506,6,57,0.036364,0.01027,1
582,1,,3,0,3,14,0,14,0,0.0,0.0,0.0,0.002765,0.0,,0,69,14,53,0.666667,0.012928,1
3337,1,,1,3,4,1,14,15,7,0.268853,0.279148,0.0,0.001445,0.002259,,0,506,13,30,0.5,0.004632,1
2421,1,,1,2,3,2,13,15,8,0.217849,0.224082,0.0,8.2e-05,0.00018,,0,506,12,74,0.0,0.000566,1
1807,1,,3,3,6,3,12,15,7,0.275009,0.289061,0.0,0.00205,0.002498,,0,506,12,74,1.0,0.013386,1
1379,1,,4,7,11,5,10,15,7,0.31353,0.329284,2.7e-05,0.010178,0.011493,,0,506,13,78,0.142857,0.053103,1
1230,1,,2,3,5,5,10,15,6,0.28717,0.300467,7e-06,0.002938,0.003158,,0,506,2,88,0.333333,0.016612,1
1233,1,,2,3,5,5,10,15,6,0.295761,0.309132,3.4e-05,0.002904,0.004096,,0,506,1,70,0.166667,0.015894,1
1289,1,,4,4,8,5,10,15,7,0.292963,0.305465,1.8e-05,0.004672,0.004707,,0,506,11,100,0.5,0.025471,1
1326,1,,4,4,8,5,10,15,6,0.286271,0.299742,1.8e-05,0.004458,0.004323,,0,506,7,90,0.166667,0.023833,1
1235,1,,9,8,17,5,10,15,7,0.273964,0.285475,0.001535,0.002691,0.001567,,0,506,2,52,0.069444,0.015017,1
1236,1,,4,4,8,5,10,15,7,0.257172,0.266503,9.2e-05,0.000796,0.001245,,0,506,6,72,0.25,0.007127,1
1303,1,,1,1,2,5,10,15,7,0.244423,0.250962,0.0,0.00047,0.000415,,0,506,14,63,0.0,0.002234,1
1246,1,,1,2,3,5,10,15,7,0.248673,0.257992,0.0,0.000429,0.000694,,0,506,6,3,1.0,0.004138,1
1291,1,,1,1,2,5,10,15,8,0.233968,0.240062,0.0,0.00022,0.000243,,0,506,11,102,0.0,0.001367,1
1177,1,,2,3,5,6,9,15,6,0.29379,0.312837,3.6e-05,0.003591,0.003697,,0,506,1,4,0.0,0.020457,1
1180,1,,5,6,11,6,9,15,6,0.326878,0.348795,0.000116,0.011437,0.014491,,0,506,1,35,0.3,0.057875,1
1192,1,,5,6,11,6,9,15,7,0.297145,0.31126,0.000131,0.00662,0.007304,,0,506,13,65,0.133333,0.034049,1
1202,1,,5,6,11,6,9,15,7,0.2646,0.27707,1.9e-05,0.003541,0.001876,,0,506,3,16,0.392857,0.015887,1
1170,1,,2,2,4,6,9,15,7,0.271423,0.282035,3e-06,0.0014,0.001361,,0,506,1,4,0.0,0.007658,1
1130,1,,4,5,9,6,9,15,6,0.310079,0.323312,7.9e-05,0.004676,0.006347,,0,506,1,58,0.2,0.024493,1
1189,1,,2,4,6,6,9,15,7,0.246497,0.254775,0.000231,0.000263,0.000843,,0,506,13,72,0.25,0.001595,1
1181,1,,2,3,5,6,9,15,7,0.263409,0.273338,4e-06,0.001085,0.001792,,0,506,7,57,0.0,0.005953,1
1060,1,,6,6,12,7,8,15,6,0.318622,0.339316,0.000158,0.0092,0.009758,,0,506,13,31,0.166667,0.052809,1
1061,1,,4,4,8,7,8,15,6,0.319356,0.340713,8.3e-05,0.010064,0.010447,,0,506,15,15,0.333333,0.056518,1
1029,1,,6,6,12,7,8,15,6,0.324444,0.343364,0.000107,0.010819,0.010695,,0,506,14,93,0.133333,0.05848,1
1059,1,,7,8,15,7,8,15,7,0.314187,0.332206,0.000181,0.01456,0.014926,,0,506,15,86,0.357143,0.071987,1
1068,1,,7,6,13,7,8,15,7,0.313163,0.327731,1.1e-05,0.016169,0.012544,,0,506,13,24,0.404762,0.08017,1
1033,1,,5,5,10,7,8,15,6,0.312484,0.331114,3e-06,0.014301,0.013278,,0,506,7,98,0.75,0.069802,1
1041,1,,6,7,13,7,8,15,6,0.301061,0.318886,0.000498,0.010488,0.011615,,0,506,2,69,0.238095,0.050164,1
1011,1,,5,5,10,7,8,15,7,0.281666,0.29271,9.4e-05,0.002309,0.002363,,0,506,6,3,0.0,0.013332,1
1045,1,,5,5,10,7,8,15,7,0.293952,0.307395,1.4e-05,0.006744,0.006693,,0,506,13,31,0.15,0.034531,1
1071,1,,3,4,7,7,8,15,7,0.256609,0.267537,1e-06,0.001049,0.001625,,0,506,13,58,0.0,0.00673,1
1016,1,,4,4,8,7,8,15,8,0.22902,0.236254,1.4e-05,0.000217,0.000433,,0,506,13,22,0.0,0.002375,1
917,1,,5,5,10,8,7,15,6,0.317005,0.33155,0.000453,0.009372,0.009412,,0,506,2,83,0.6,0.051213,1
962,1,,6,5,11,8,7,15,6,0.302617,0.317098,2.9e-05,0.007675,0.007514,,0,506,15,61,0.166667,0.039218,1
983,1,,6,5,11,8,7,15,6,0.292255,0.306743,3e-06,0.012474,0.009801,,0,506,13,31,0.566667,0.065543,1
920,1,,7,7,14,8,7,15,7,0.269142,0.281241,0.000587,0.002044,0.001969,,0,506,6,103,0.02381,0.011584,1
959,1,,3,2,5,8,7,15,7,0.256609,0.265167,6e-06,0.000952,0.00096,,0,506,1,4,0.0,0.005029,1
849,1,,4,4,8,9,6,15,7,0.256855,0.267423,0.000582,0.000875,0.001141,,0,506,6,89,0.166667,0.00699,1
861,1,,1,1,2,9,6,15,7,0.240578,0.247359,0.0,0.00029,0.000322,,0,506,13,52,0.0,0.001586,1
691,1,,3,3,6,12,3,15,7,0.287303,0.303012,3.2e-05,0.005174,0.005678,,0,506,13,12,0.333333,0.030028,1
606,1,,4,2,6,13,2,15,7,0.234246,0.241853,1.1e-05,0.002109,0.000167,,0,506,2,11,0.0,0.011631,1
624,1,,4,2,6,13,2,15,7,0.256223,0.264837,0.000498,0.001526,0.00059,,0,506,2,71,0.0,0.007504,1
560,1,,3,0,3,15,0,15,0,0.0,0.0,0.0,0.000188,0.0,,0,110,3,16,0.833333,0.001032,1
278,1,,17,23,40,30,-15,15,6,0.326564,0.345601,0.000383,0.023317,0.030803,,0,506,13,47,0.150362,0.115484,1
2908,1,,1,6,7,1,15,16,6,0.315298,0.329139,2e-05,0.001004,0.010095,,0,506,14,84,0.233333,0.006005,1
3179,1,,1,2,3,1,15,16,7,0.28156,0.293104,0.000228,0.003018,0.002814,,0,506,13,69,0.0,0.014495,1
1251,1,,4,4,8,5,11,16,6,0.29483,0.313967,0.001133,0.003723,0.003711,,0,506,1,4,0.166667,0.021355,1
1299,1,,1,2,3,5,11,16,7,0.238465,0.246122,1e-06,0.000348,0.000591,,0,506,11,88,0.0,0.002716,1
1128,1,,4,5,9,6,10,16,6,0.320366,0.34013,9.8e-05,0.008908,0.010944,,0,506,13,63,0.4,0.049518,1
1174,1,,2,2,4,6,10,16,6,0.293744,0.309372,2.1e-05,0.005296,0.005692,,0,506,2,38,0.0,0.030388,1
1179,1,,6,5,11,6,10,16,6,0.305778,0.321688,1e-05,0.01482,0.011284,,0,506,13,43,0.633333,0.075048,1
1151,1,,1,1,2,6,10,16,7,0.279148,0.292463,0.0,0.003716,0.003646,,0,506,15,37,0.0,0.019042,1
1162,1,,8,10,18,6,10,16,6,0.330365,0.351343,9e-05,0.02351,0.023477,,0,506,7,47,0.354545,0.112558,1
1165,1,,3,3,6,6,10,16,6,0.289187,0.303861,0.0,0.00793,0.007486,,0,506,7,6,0.833333,0.039724,1
1142,1,,2,2,4,6,10,16,8,0.218268,0.223744,9e-06,0.000719,4.3e-05,,0,506,14,45,0.0,0.004009,1
1063,1,,6,6,12,7,9,16,6,0.320942,0.341936,0.000243,0.01085,0.010267,,0,506,13,10,0.166667,0.055375,1
1065,1,,7,8,15,7,9,16,6,0.329783,0.350894,8.5e-05,0.012627,0.016073,,0,506,13,27,0.321429,0.065383,1
1046,1,,4,5,9,7,9,16,7,0.294946,0.309508,5.6e-05,0.006224,0.0073,,0,506,7,88,0.2,0.037077,1
1023,1,,3,3,6,7,9,16,6,0.302495,0.315408,0.0,0.007301,0.006679,,0,506,8,42,1.0,0.035382,1
1031,1,,4,5,9,7,9,16,6,0.315803,0.330629,2.9e-05,0.011126,0.01099,,0,506,15,54,0.2,0.056075,1
1052,1,,3,3,6,7,9,16,7,0.263743,0.275788,0.00028,0.001468,0.001838,,0,506,12,0,0.083333,0.010783,1
1013,1,,2,3,5,7,9,16,7,0.246546,0.254569,2e-05,0.000574,0.00052,,0,506,2,3,0.0,0.003105,1
1073,1,,2,4,6,7,9,16,7,0.243581,0.251443,1e-06,0.000139,0.000492,,0,506,3,16,0.416667,0.000878,1
944,1,,4,4,8,8,8,16,6,0.312146,0.331216,4.4e-05,0.006932,0.007178,,0,506,11,40,0.333333,0.039855,1
915,1,,6,8,14,8,8,16,6,0.306177,0.318677,0.00522,0.005303,0.005938,,0,506,97,70,0.071429,0.029893,1
973,1,,4,3,7,8,8,16,7,0.286205,0.301353,2e-06,0.00652,0.006634,,0,506,13,79,0.5,0.035785,1
943,1,,6,6,12,8,8,16,7,0.304263,0.317661,3.8e-05,0.007739,0.008493,,0,506,7,63,0.133333,0.04417,1
935,1,,5,5,10,8,8,16,6,0.304585,0.318135,8.6e-05,0.005174,0.005192,,0,506,13,89,0.0,0.028316,1
941,1,,14,10,24,8,8,16,6,0.323212,0.338529,0.000558,0.023354,0.020349,,0,506,13,84,0.180952,0.119849,1
952,1,,3,3,6,8,8,16,7,0.273924,0.28669,0.000516,0.00137,0.001934,,0,506,1,4,0.0,0.010063,1
939,1,,8,8,16,8,8,16,7,0.293583,0.307602,0.000187,0.005451,0.006162,,0,506,6,66,0.017857,0.033408,1
934,1,,6,6,12,8,8,16,7,0.287722,0.300216,0.000138,0.003343,0.003404,,0,506,11,9,0.0,0.018545,1
960,1,,8,8,16,8,8,16,7,0.309797,0.32436,0.000127,0.010309,0.010522,,0,506,1,5,0.214286,0.053556,1
947,1,,3,3,6,8,8,16,7,0.273944,0.284857,0.00049,0.001781,0.001636,,0,506,1,63,0.333333,0.009142,1
968,1,,1,1,2,8,8,16,7,0.248508,0.257384,0.0,0.000302,0.000301,,0,506,1,70,0.0,0.001778,1
911,1,,8,8,16,8,8,16,7,0.271463,0.283598,0.000117,0.001381,0.001485,,0,506,2,12,0.071429,0.009202,1
938,1,,5,5,10,8,8,16,7,0.27838,0.289559,6.9e-05,0.002896,0.002915,,0,506,2,52,0.2,0.016566,1
909,1,,6,6,12,8,8,16,7,0.261097,0.271358,9.7e-05,0.001222,0.001233,,0,506,2,91,0.066667,0.007298,1
929,1,,2,2,4,8,8,16,7,0.233022,0.240178,4e-06,0.000145,0.000139,,0,506,6,89,0.0,0.000942,1
921,1,,3,3,6,8,8,16,7,0.239701,0.247017,2.3e-05,0.000202,0.000195,,0,506,2,20,0.333333,0.001278,1
985,1,,1,1,2,8,8,16,8,0.22537,0.231219,0.0,0.000125,0.0001,,0,506,15,2,0.0,0.000539,1
930,1,,2,2,4,8,8,16,8,0.202508,0.207549,0.00049,1.4e-05,9e-06,,0,506,6,89,0.0,0.000141,1
948,1,,1,1,2,8,8,16,7,0.229553,0.234961,0.0,0.000121,0.000134,,0,506,11,85,0.0,0.00068,1
936,1,,2,2,4,8,8,16,8,0.194085,0.197464,0.00049,7e-06,5e-06,,0,506,2,70,0.0,9.9e-05,1
883,1,,8,7,15,9,7,16,7,0.303524,0.318346,1.4e-05,0.012915,0.009864,,0,506,13,78,0.214286,0.066644,1
841,1,,7,6,13,9,7,16,6,0.31453,0.328916,0.000149,0.007811,0.00725,,0,506,2,9,0.047619,0.039978,1
769,1,,8,5,13,10,6,16,6,0.303967,0.315906,5.2e-05,0.006943,0.005595,,0,506,8,68,0.232143,0.039376,1
770,1,,4,3,7,10,6,16,6,0.284683,0.295921,1.3e-05,0.002883,0.002695,,0,506,2,48,0.5,0.015854,1
813,1,,11,15,26,10,6,16,6,0.317569,0.335024,0.000118,0.014525,0.019669,,0,506,7,81,0.247619,0.073859,1
719,1,,4,4,8,11,5,16,6,0.306905,0.319424,1.5e-05,0.006283,0.0061,,0,506,8,9,0.166667,0.032695,1
672,1,,9,4,13,12,4,16,6,0.307131,0.318828,0.000146,0.010563,0.005144,,0,506,6,84,0.083333,0.057295,1
629,1,,8,9,17,13,3,16,6,0.307333,0.321511,0.000645,0.005944,0.006271,,0,506,14,48,0.1,0.031005,1
644,1,,3,3,6,13,3,16,7,0.250921,0.260209,0.00049,0.000545,0.000609,,0,506,13,17,0.0,0.003267,1
480,1,,7,8,15,17,-1,16,7,0.268641,0.280698,0.000125,0.001035,0.001473,,0,506,6,17,0.0,0.008556,1
3774,1,,9,8,17,0,17,17,6,0.292483,0.307152,0.000451,0.005465,0.003642,,0,506,2,12,0.022222,0.029827,1
1921,1,,9,10,19,2,15,17,6,0.32001,0.334939,0.000433,0.005614,0.009519,,0,506,2,17,0.1,0.02683,1
1883,1,,5,4,9,3,14,17,7,0.302935,0.315397,5.7e-05,0.010022,0.006289,,0,506,14,28,0.3,0.047845,1
1401,1,,7,6,13,4,13,17,6,0.315563,0.330367,0.000294,0.004096,0.010463,,0,506,2,71,0.319444,0.027787,1
1513,1,,3,5,8,4,13,17,7,0.314927,0.329328,0.000111,0.006006,0.00974,,0,506,14,49,0.3,0.024934,1
1455,1,,2,2,4,4,13,17,7,0.252018,0.262375,0.0,0.000644,0.000935,,0,506,6,3,1.0,0.005968,1
1386,1,,3,9,12,5,12,17,6,0.313478,0.327925,2.2e-05,0.003141,0.009998,,0,506,3,16,0.402778,0.013338,1
1136,1,,6,7,13,6,11,17,6,0.329958,0.349658,8.1e-05,0.013666,0.013503,,0,506,11,102,0.333333,0.07206,1
1199,1,,3,4,7,6,11,17,7,0.28464,0.296324,6e-06,0.00325,0.003387,,0,506,1,24,0.0,0.015639,1
1009,1,,5,6,11,7,10,17,6,0.316496,0.33094,0.000561,0.005388,0.009361,,0,506,2,24,0.133333,0.028385,1
1050,1,,2,3,5,7,10,17,7,0.266558,0.279404,2.9e-05,0.001291,0.002106,,0,506,12,74,0.0,0.009473,1
955,1,,7,7,14,8,9,17,6,0.329378,0.350552,0.000569,0.012754,0.013258,,0,506,13,86,0.238095,0.072329,1
951,1,,8,8,16,8,9,17,6,0.32464,0.34569,0.000258,0.013818,0.014462,,0,506,3,86,0.25,0.077602,1
974,1,,5,5,10,8,9,17,6,0.300602,0.316831,5.9e-05,0.007881,0.008021,,0,506,13,93,0.05,0.041816,1
982,1,,5,5,10,8,9,17,7,0.288098,0.301973,0.000638,0.003693,0.003708,,0,506,13,74,0.4,0.01967,1
956,1,,3,3,6,8,9,17,7,0.291732,0.305932,0.000292,0.006038,0.006023,,0,506,15,53,0.333333,0.031659,1
981,1,,4,4,8,8,9,17,6,0.308446,0.324001,3.4e-05,0.00771,0.008059,,0,506,13,68,0.25,0.041982,1
975,1,,6,4,10,8,9,17,6,0.302617,0.316142,0.0005,0.010045,0.006068,,0,506,13,30,0.166667,0.052093,1
966,1,,7,6,13,8,9,17,6,0.317327,0.33251,0.000519,0.011332,0.011675,,0,506,3,61,0.232143,0.055075,1
945,1,,7,8,15,8,9,17,7,0.291414,0.304991,0.000126,0.004324,0.004484,,0,506,1,10,0.089286,0.025115,1
916,1,,3,3,6,8,9,17,7,0.26793,0.277642,0.00023,0.002384,0.001303,,0,506,11,89,0.083333,0.012855,1
912,1,,5,6,11,8,9,17,7,0.291255,0.302831,0.00015,0.001014,0.00361,,0,506,2,91,0.0,0.006759,1
925,1,,4,4,8,8,9,17,7,0.270522,0.280572,0.000496,0.001553,0.001381,,0,506,6,89,0.0,0.007569,1
869,1,,5,5,10,9,8,17,6,0.310388,0.325687,0.00025,0.008425,0.006898,,0,506,2,34,0.1,0.036864,1
884,1,,4,4,8,9,8,17,7,0.276348,0.290458,4.7e-05,0.00206,0.002495,,0,506,12,74,0.333333,0.013229,1
853,1,,7,7,14,9,8,17,6,0.306854,0.321973,0.000352,0.006135,0.006047,,0,506,6,96,0.190476,0.033189,1
857,1,,7,7,14,9,8,17,6,0.289634,0.303821,0.00018,0.004953,0.005375,,0,506,6,3,0.107143,0.02772,1
875,1,,4,2,6,9,8,17,7,0.25575,0.26443,3.6e-05,0.001918,0.00111,,0,506,14,88,0.083333,0.011527,1
899,1,,2,1,3,9,8,17,7,0.262616,0.271871,2e-06,0.001621,0.000931,,0,506,11,78,0.0,0.007681,1
783,1,,4,3,7,10,7,17,6,0.316149,0.335175,0.000303,0.006936,0.006942,,0,506,8,54,0.0,0.038919,1
744,1,,6,6,12,11,6,17,6,0.3149,0.334637,0.00016,0.007947,0.007419,,0,506,1,4,0.233333,0.041572,1
711,1,,6,4,10,11,6,17,6,0.296628,0.311378,7e-06,0.006376,0.005456,,0,506,2,71,0.533333,0.035864,1
670,1,,7,5,12,12,5,17,7,0.268391,0.28028,8.5e-05,0.002182,0.001842,,0,506,2,3,0.214286,0.015655,1
636,1,,4,4,8,13,4,17,6,0.296346,0.315466,0.00049,0.004325,0.004201,,0,506,1,48,0.333333,0.024128,1
469,1,,14,0,14,17,0,17,0,0.0,0.0,0.0,0.014917,0.0,,0,62,8,68,0.351648,0.076803,1
3133,1,,8,10,18,1,17,18,7,0.253638,0.265374,0.000468,0.003924,0.001466,,0,506,12,74,0.136364,0.021054,1
2336,1,,43,81,124,2,16,18,6,0.355705,0.385784,0.008612,0.039705,0.061437,,0,506,3,16,0.076321,0.175455,1
1590,1,,3,13,16,4,14,18,6,0.327936,0.350569,0.0003,0.00929,0.014568,,0,506,3,16,0.384615,0.039032,1
1421,1,,3,3,6,4,14,18,6,0.309874,0.322302,1.1e-05,0.00711,0.006364,,0,506,8,90,0.166667,0.032928,1
1380,1,,4,9,13,5,13,18,6,0.31424,0.328156,0.000383,0.007284,0.010297,,0,506,13,30,0.138889,0.039266,1
1322,1,,11,7,18,5,13,18,6,0.316016,0.333298,0.000203,0.019768,0.010937,,0,506,13,27,0.145455,0.097123,1
1328,1,,8,7,15,5,13,18,6,0.298566,0.314042,2.5e-05,0.011276,0.009957,,0,506,7,90,0.142857,0.057797,1
1247,1,,2,2,4,5,13,18,7,0.250501,0.258977,3e-06,0.000637,0.000632,,0,506,15,12,0.0,0.003694,1
994,1,,10,10,20,7,11,18,6,0.304535,0.325234,0.000323,0.006069,0.006112,,0,506,1,4,0.218182,0.033609,1
1027,1,,3,3,6,7,11,18,7,0.286446,0.298077,4.4e-05,0.003115,0.003298,,0,506,11,70,0.0,0.01784,1
964,1,,6,4,10,8,10,18,6,0.315563,0.334935,0.000242,0.01126,0.006543,,0,506,1,0,0.233333,0.055268,1
937,1,,15,17,32,8,10,18,6,0.323547,0.343497,0.000472,0.013484,0.01837,,0,506,2,93,0.119883,0.07186,1
918,1,,6,7,13,8,10,18,6,0.314319,0.328779,0.00043,0.007794,0.007845,,0,506,14,0,0.095238,0.041231,1
979,1,,5,8,13,8,10,18,7,0.259362,0.270482,0.000616,0.003784,0.001252,,0,506,12,74,0.177778,0.019787,1
927,1,,3,4,7,8,10,18,7,0.251645,0.262031,0.000314,0.000562,0.000801,,0,506,2,102,0.0,0.004981,1
950,1,,1,1,2,8,10,18,7,0.2304,0.235858,0.0,0.000139,0.000137,,0,506,1,53,0.0,0.000784,1
978,1,,1,1,2,8,10,18,1,1.0,1.0,0.0,0.0,7.7e-05,,0,291,13,14,0.0,0.000438,1
896,1,,7,6,13,9,9,18,6,0.305031,0.324437,0.000112,0.008206,0.006186,,0,506,1,58,0.380952,0.042981,1
891,1,,5,4,9,9,9,18,6,0.31765,0.33828,0.000122,0.010093,0.009192,,0,506,13,34,0.3,0.055542,1
848,1,,6,6,12,9,9,18,6,0.294437,0.309154,0.00037,0.004063,0.004969,,0,506,2,45,0.3,0.027772,1
842,1,,6,6,12,9,9,18,6,0.296722,0.312899,3.3e-05,0.00573,0.006069,,0,506,2,34,0.452381,0.034722,1
878,1,,5,5,10,9,9,18,7,0.29964,0.316433,0.000304,0.010256,0.01008,,0,506,7,53,0.25,0.053187,1
882,1,,9,6,15,9,9,18,6,0.312745,0.329539,2.2e-05,0.021689,0.013806,,0,506,7,61,0.433333,0.103557,1
898,1,,3,3,6,9,9,18,6,0.279898,0.292212,2e-06,0.003506,0.003405,,0,506,13,58,0.0,0.01791,1
850,1,,9,9,18,9,9,18,7,0.291346,0.306559,0.000625,0.005611,0.005291,,0,506,2,17,0.138889,0.030225,1
860,1,,2,2,4,9,9,18,7,0.267738,0.278319,3e-06,0.000994,0.000948,,0,506,1,4,0.0,0.005729,1
868,1,,2,2,4,9,9,18,7,0.263762,0.274149,0.00049,0.000806,0.000783,,0,506,1,4,0.0,0.004749,1
844,1,,4,5,9,9,9,18,7,0.267605,0.278096,0.000515,0.001371,0.00147,,0,506,2,0,0.0,0.007927,1
895,1,,3,3,6,9,9,18,7,0.25589,0.265182,2e-06,0.001466,0.001512,,0,506,13,65,0.0,0.008007,1
855,1,,1,1,2,9,9,18,8,0.213858,0.219107,0.0,2e-05,2.4e-05,,0,506,1,0,0.0,0.000175,1
867,1,,2,2,4,9,9,18,8,0.187107,0.191071,0.000264,9e-06,6e-06,,0,506,2,58,0.0,0.000139,1
880,1,,1,1,2,9,9,18,8,0.202136,0.207175,0.0,2.2e-05,0.000133,,0,506,7,30,0.0,0.00069,1
774,1,,8,8,16,10,8,18,6,0.321907,0.338738,0.000944,0.011371,0.012126,,0,506,12,71,0.178571,0.063461,1
771,1,,4,3,7,10,8,18,6,0.29294,0.307504,3e-06,0.004598,0.00411,,0,506,2,71,0.5,0.024642,1
780,1,,6,4,10,10,8,18,7,0.255838,0.26556,0.001481,0.004445,0.000497,,0,506,97,70,0.066667,0.020311,1
829,1,,1,1,2,10,8,18,8,0.198506,0.202597,0.0,1.9e-05,1.2e-05,,0,506,13,55,0.0,0.000128,1
713,1,,6,5,11,11,7,18,7,0.263595,0.274956,2.3e-05,0.001718,0.001443,,0,506,2,63,0.133333,0.009746,1
667,1,,5,4,9,12,6,18,8,0.211313,0.21749,0.00058,0.000339,0.000118,,0,506,97,70,0.1,0.002297,1
648,1,,4,5,9,13,5,18,6,0.288719,0.302113,0.000497,0.002527,0.003902,,0,506,15,49,0.25,0.012836,1
538,1,,4,2,6,15,3,18,6,0.286446,0.299666,7.1e-05,0.002793,0.002691,,0,506,6,17,0.166667,0.015851,1
558,1,,11,1,12,15,3,18,7,0.284359,0.297245,0.0,0.006899,0.002337,,0,506,3,16,0.763636,0.034604,1
1256,1,,3,4,7,5,14,19,7,0.274586,0.285887,0.000269,0.002243,0.002464,,0,506,6,58,0.0,0.013739,1
1043,1,,9,8,17,7,12,19,6,0.326764,0.348879,0.000137,0.020612,0.016185,,0,506,13,10,0.416667,0.102029,1
1064,1,,5,7,12,7,12,19,6,0.306353,0.326844,1e-05,0.012442,0.018271,,0,506,13,28,0.714286,0.065133,1
942,1,,4,6,10,8,11,19,6,0.313819,0.327342,9e-06,0.008092,0.01139,,0,506,11,40,0.3,0.040392,1
926,1,,11,9,20,8,11,19,7,0.287214,0.301795,0.000553,0.006113,0.003984,,0,506,14,54,0.075758,0.031879,1
932,1,,1,3,4,8,11,19,6,0.288808,0.300182,0.000231,0.002315,0.003052,,0,506,8,20,0.0,0.013024,1
879,1,,6,5,11,9,10,19,7,0.304263,0.323141,1.7e-05,0.015921,0.012498,,0,506,13,78,0.466667,0.080958,1
877,1,,6,6,12,9,10,19,6,0.311264,0.332688,1.8e-05,0.016893,0.016581,,0,506,15,28,0.633333,0.086737,1
840,1,,7,6,13,9,10,19,6,0.314478,0.32917,3.2e-05,0.011634,0.009437,,0,506,2,71,0.428571,0.062472,1
893,1,,4,4,8,9,10,19,6,0.293583,0.307895,5e-06,0.006895,0.006747,,0,506,13,34,0.416667,0.035341,1
851,1,,8,9,17,9,10,19,6,0.308065,0.321711,0.000295,0.00724,0.006665,,0,506,8,0,0.083333,0.035449,1
825,1,,8,8,16,10,9,19,6,0.290173,0.306063,0.000983,0.009105,0.009742,,0,506,15,15,0.321429,0.049978,1
786,1,,4,4,8,10,9,19,7,0.267566,0.2773,0.000677,0.000117,0.00132,,0,506,6,89,0.05,0.000921,1
734,1,,5,4,9,11,8,19,6,0.312693,0.33211,0.000122,0.011419,0.006704,,0,506,13,2,0.2,0.061018,1
712,1,,6,6,12,11,8,19,6,0.297239,0.316507,0.000422,0.00055,0.004159,,0,506,1,4,0.142857,0.003522,1
759,1,,18,19,37,11,8,19,6,0.311834,0.32768,0.000318,0.015071,0.018586,,0,506,14,35,0.173684,0.078362,1
760,1,,2,1,3,11,8,19,1,1.0,1.0,0.000228,0.003269,0.0,,0,291,13,14,0.0,0.017448,1
742,1,,3,3,6,11,8,19,7,0.275292,0.28632,2e-05,0.001532,0.00129,,0,506,11,70,0.333333,0.007353,1
698,1,,6,3,9,12,7,19,7,0.286929,0.300772,5.2e-05,0.005687,0.003574,,0,506,3,16,0.433333,0.029025,1
607,1,,5,4,9,13,6,19,7,0.264357,0.274462,4.7e-05,0.003081,0.001585,,0,506,2,68,0.133333,0.017802,1
534,1,,8,11,19,15,4,19,6,0.335723,0.357224,0.001497,0.010417,0.013384,,0,506,2,91,0.174242,0.056727,1
442,1,,11,15,26,18,1,19,7,0.29278,0.307658,0.00107,0.003856,0.004326,,0,506,2,20,0.038095,0.023205,1
3254,1,,10,11,21,1,19,20,6,0.328109,0.350801,0.000267,0.017777,0.018552,,0,506,1,79,0.327273,0.094551,1
1351,1,,5,8,13,5,15,20,6,0.313951,0.329877,0.000154,0.00927,0.009861,,0,506,8,55,0.211111,0.043071,1
1388,1,,8,6,14,5,15,20,7,0.262505,0.273943,0.001031,0.0038,0.001235,,0,506,3,16,0.166667,0.012442,1
1178,1,,3,3,6,6,14,20,6,0.293055,0.310422,2e-06,0.010219,0.006822,,0,506,15,2,0.666667,0.04972,1
1072,1,,3,4,7,7,13,20,6,0.317354,0.337448,0.000161,0.006228,0.007082,,0,506,2,54,0.0,0.034356,1
1067,1,,2,2,4,7,13,20,7,0.272707,0.284184,0.0,0.002555,0.002705,,0,506,15,30,1.0,0.013963,1
1047,1,,2,2,4,7,13,20,7,0.271699,0.282744,0.0,0.001485,0.001513,,0,506,7,5,1.0,0.008235,1
1062,1,,3,3,6,7,13,20,7,0.241898,0.249468,4e-06,0.000457,0.00068,,0,506,12,74,0.083333,0.003362,1
958,1,,9,8,17,8,12,20,6,0.326764,0.347709,0.000755,0.010978,0.010257,,0,506,1,17,0.111111,0.056099,1
874,1,,8,10,18,9,11,20,6,0.319655,0.340846,0.000235,0.008273,0.009157,,0,506,1,24,0.288889,0.045197,1
894,1,,6,7,13,9,11,20,7,0.307534,0.321406,1.8e-05,0.006309,0.010961,,0,506,13,35,0.47619,0.031915,1
881,1,,5,5,10,9,11,20,7,0.280254,0.294441,0.000264,0.002488,0.002996,,0,506,12,74,0.466667,0.016007,1
864,1,,4,4,8,9,11,20,7,0.251392,0.259713,5.7e-05,0.000519,0.00055,,0,506,6,52,0.166667,0.003478,1
772,1,,4,5,9,10,10,20,6,0.29042,0.304719,7.3e-05,0.003951,0.003703,,0,506,2,53,0.266667,0.021038,1
779,1,,4,4,8,10,10,20,6,0.286271,0.298706,4e-06,0.004025,0.00499,,0,506,2,103,0.5,0.026945,1
793,1,,5,5,10,10,10,20,7,0.277844,0.289674,0.000503,0.001846,0.001579,,0,506,1,4,0.2,0.009206,1
814,1,,1,1,2,10,10,20,7,0.254103,0.264173,0.0,0.000581,0.00045,,0,506,12,74,0.0,0.002655,1
827,1,,1,1,2,10,10,20,7,0.263298,0.272395,0.0,0.001216,0.001057,,0,506,14,63,0.0,0.005906,1
808,1,,1,1,2,10,10,20,7,0.235972,0.245124,0.0,0.00015,0.000152,,0,506,1,5,0.0,0.000997,1
823,1,,1,1,2,10,10,20,7,0.241058,0.248236,0.0,0.000288,0.000222,,0,506,12,74,0.0,0.001129,1
806,1,,1,1,2,10,10,20,7,0.226967,0.233136,0.0,0.000123,0.000176,,0,506,1,5,0.0,0.000911,1
788,1,,1,1,2,10,10,20,8,0.223435,0.229046,0.0,7.5e-05,7.9e-05,,0,506,6,17,0.0,0.000507,1
782,1,,1,1,2,10,10,20,8,0.227989,0.234054,0.0,0.000118,0.000229,,0,506,14,17,0.0,0.001341,1
831,1,,1,1,2,10,10,20,7,0.240532,0.24919,0.0,0.000199,7.3e-05,,0,506,13,30,0.0,0.000516,1
819,1,,1,1,2,10,10,20,8,0.225845,0.232575,0.0,0.000137,0.000131,,0,506,13,93,0.0,0.000755,1
776,1,,1,1,2,10,10,20,8,0.207797,0.212436,0.0,2.5e-05,2.8e-05,,0,506,14,91,0.0,0.00018,1
834,1,,1,1,2,10,10,20,8,0.205124,0.210285,0.0,1.9e-05,8.5e-05,,0,506,3,58,0.0,0.000419,1
789,1,,1,1,2,10,10,20,8,0.1859,0.189527,0.0,2e-06,2e-06,,0,506,6,11,0.0,5e-05,1
833,1,,1,1,2,10,10,20,7,0.230556,0.238901,0.0,9.6e-05,0.000102,,0,506,1,1,0.0,0.000607,1
790,1,,1,1,2,10,10,20,8,0.203509,0.208698,0.0,2.4e-05,5e-06,,0,506,6,17,0.0,8e-05,1
811,1,,1,1,2,10,10,20,7,0.22575,0.232004,0.0,0.000163,0.000282,,0,506,15,42,0.0,0.001385,1
718,1,,9,8,17,11,9,20,6,0.298162,0.312784,0.000327,0.004704,0.004443,,0,506,2,64,0.166667,0.026046,1
728,1,,5,4,9,11,9,20,6,0.301958,0.314927,0.002438,0.007043,0.005275,,0,506,11,70,0.0,0.036008,1
761,1,,5,5,10,11,9,20,7,0.266994,0.277666,0.000512,0.001413,0.001406,,0,506,3,16,0.166667,0.004775,1
658,1,,5,5,10,12,8,20,6,0.305329,0.31769,0.000222,0.004419,0.004899,,0,506,2,71,0.233333,0.023783,1
596,1,,10,11,21,14,6,20,6,0.335452,0.35774,0.000236,0.021974,0.019641,,0,506,13,11,0.242424,0.109296,1
583,1,,4,4,8,14,6,20,6,0.291732,0.305969,0.000796,0.003309,0.003172,,0,506,6,11,0.0,0.018473,1
532,1,,6,5,11,15,5,20,6,0.291278,0.304679,0.000339,0.007125,0.003087,,0,506,8,45,0.261905,0.040668,1
471,1,,3,1,4,17,3,20,6,0.301133,0.312125,0.0,0.004248,0.0041,,0,506,8,56,1.0,0.024481,1
428,1,,5,3,8,19,1,20,7,0.286315,0.29825,4e-06,0.005598,0.004398,,0,506,7,42,0.2,0.03292,1
425,1,,3,3,6,19,1,20,7,0.283092,0.293148,2.5e-05,0.002068,0.001811,,0,506,14,3,0.0,0.00966,1
407,1,,7,0,7,20,0,20,0,0.0,0.0,0.0,0.007414,0.0,,0,90,13,89,0.095238,0.039252,1
414,1,,2,0,2,20,0,20,0,0.0,0.0,0.0,2.7e-05,0.0,,0,35,11,88,1.0,0.000211,1
1367,1,,5,5,10,5,16,21,7,0.288897,0.303795,0.000512,0.004619,0.004938,,0,506,13,12,0.1,0.02608,1
1103,1,,6,5,11,6,15,21,8,0.200707,0.206191,0.000849,0.002997,0.000101,,0,506,97,70,0.2,0.011274,1
976,1,,4,4,8,8,13,21,6,0.294067,0.310893,6.5e-05,0.007866,0.008345,,0,506,15,66,0.5,0.043873,1
931,1,,5,5,10,8,13,21,7,0.27735,0.28951,4.5e-05,0.002054,0.002217,,0,506,2,12,0.2,0.013258,1
871,1,,5,8,13,9,12,21,6,0.323575,0.339351,0.000189,0.008183,0.018178,,0,506,11,40,0.517857,0.046069,1
904,1,,7,8,15,9,12,21,6,0.300867,0.315782,8e-06,0.007856,0.010846,,0,506,13,27,0.357143,0.040278,1
852,1,,2,2,4,9,12,21,7,0.255124,0.263076,3.3e-05,7.1e-05,0.000823,,0,506,11,26,0.333333,0.000447,1
817,1,,6,6,12,10,11,21,6,0.304832,0.324468,0.000559,0.005628,0.005547,,0,506,13,30,0.166667,0.030806,1
787,1,,7,8,15,10,11,21,6,0.321603,0.337114,0.000231,0.014123,0.015333,,0,506,8,90,0.321429,0.076574,1
818,1,,4,5,9,10,11,21,6,0.308091,0.326604,0.0,0.0125,0.015829,,0,506,13,54,1.0,0.066166,1
822,1,,8,8,16,10,11,21,6,0.300337,0.314727,1.2e-05,0.012139,0.012388,,0,506,13,59,0.428571,0.064452,1
778,1,,6,6,12,10,11,21,7,0.262358,0.27313,0.000851,0.001167,0.001256,,0,506,2,66,0.066667,0.007741,1
725,1,,10,10,20,11,10,21,6,0.319492,0.34037,0.001308,0.008216,0.008218,,0,506,14,3,0.088889,0.04564,1
758,1,,4,2,6,11,10,21,8,0.221415,0.227458,3.8e-05,0.003744,9e-05,,0,506,14,72,0.5,0.016118,1
741,1,,6,6,12,11,10,21,6,0.301448,0.314758,0.000501,0.007198,0.00714,,0,506,11,47,0.2,0.037194,1
732,1,,8,7,15,11,10,21,6,0.31173,0.325189,0.000341,0.006936,0.006568,,0,506,6,52,0.142857,0.035736,1
717,1,,6,6,12,11,10,21,6,0.284467,0.29702,0.000854,0.002366,0.002251,,0,506,2,63,0.066667,0.012629,1
661,1,,7,7,14,12,9,21,6,0.291165,0.305275,0.001007,0.003142,0.003085,,0,506,2,17,0.0,0.017979,1
614,1,,18,23,41,13,8,21,6,0.328022,0.346691,0.001673,0.011891,0.019129,,0,506,2,52,0.047101,0.066266,1
639,1,,11,9,20,13,8,21,6,0.323659,0.339916,4.2e-05,0.02089,0.017103,,0,506,14,64,0.356061,0.110486,1
652,1,,2,1,3,13,8,21,8,0.190387,0.193813,0.0,1.1e-05,0.0,,0,506,3,16,1.0,9.6e-05,1
517,1,,9,5,14,16,5,21,7,0.294437,0.306726,5.8e-05,0.008781,0.00615,,0,506,13,93,0.118182,0.052142,1
508,1,,8,9,17,16,5,21,6,0.318081,0.332728,0.000343,0.009658,0.010221,,0,506,2,96,0.166667,0.053569,1
424,1,,16,15,31,19,2,21,6,0.321631,0.336798,0.000489,0.016859,0.013458,,0,506,13,98,0.052288,0.086077,1
417,1,,12,14,26,20,1,21,6,0.304907,0.321822,0.000455,0.013275,0.011224,,0,506,1,24,0.120833,0.06223,1
2037,1,,2,2,4,2,20,22,7,0.253278,0.262393,4e-06,0.000421,0.000436,,0,506,6,89,0.0,0.002635,1
969,1,,7,7,14,8,14,22,6,0.301497,0.319166,0.00024,0.015568,0.012265,,0,506,7,63,0.464286,0.079556,1
953,1,,4,7,11,8,14,22,7,0.297996,0.31292,0.000251,0.005125,0.005195,,0,506,3,74,0.285714,0.021439,1
890,1,,8,7,15,9,13,22,7,0.29878,0.315784,7.2e-05,0.008817,0.009397,,0,506,13,30,0.25,0.048831,1
885,1,,10,10,20,9,13,22,6,0.313452,0.331901,0.00058,0.016654,0.016881,,0,506,13,65,0.318182,0.087935,1
906,1,,9,17,26,9,13,22,7,0.298804,0.314779,0.000684,0.006431,0.007949,,0,506,3,16,0.321637,0.025636,1
872,1,,3,3,6,9,13,22,7,0.272054,0.283795,7e-06,0.001363,0.00131,,0,506,1,4,0.666667,0.007971,1
865,1,,6,7,13,9,13,22,7,0.282878,0.294576,0.000197,0.002299,0.002696,,0,506,14,93,0.071429,0.012362,1
821,1,,4,4,8,10,12,22,6,0.304238,0.323219,9.9e-05,0.005083,0.005201,,0,506,15,49,0.166667,0.028761,1
800,1,,5,6,11,10,12,22,7,0.284445,0.296845,8.8e-05,0.001976,0.003212,,0,506,3,70,0.0,0.010795,1
803,1,,6,6,12,10,12,22,7,0.279148,0.290021,0.000101,0.00218,0.002426,,0,506,11,5,0.0,0.01251,1
830,1,,6,6,12,10,12,22,6,0.301691,0.315693,4.1e-05,0.007475,0.006452,,0,506,15,50,0.166667,0.029744,1
755,1,,2,2,4,11,11,22,7,0.279418,0.2938,0.0,0.004183,0.004572,,0,506,13,38,1.0,0.023826,1
733,1,,5,5,10,11,11,22,6,0.307989,0.323432,0.000583,0.007301,0.007515,,0,506,14,23,0.25,0.041473,1
727,1,,5,5,10,11,11,22,6,0.289165,0.302922,9.8e-05,0.003194,0.002864,,0,506,1,4,0.4,0.016682,1
743,1,,6,6,12,11,11,22,7,0.298661,0.313169,4.7e-05,0.007218,0.007122,,0,506,14,91,0.166667,0.036703,1
735,1,,9,8,17,11,11,22,6,0.32064,0.335059,0.000761,0.013916,0.011866,,0,506,8,26,0.152778,0.066469,1
729,1,,8,10,18,11,11,22,7,0.291323,0.304304,0.000893,0.002876,0.003991,,0,506,2,58,0.0,0.015729,1
738,1,,7,7,14,11,11,22,7,0.293606,0.306594,0.00056,0.005634,0.005875,,0,506,7,57,0.047619,0.03124,1
722,1,,2,2,4,11,11,22,7,0.26378,0.273079,2e-06,0.001203,0.001135,,0,506,11,19,0.0,0.006539,1
763,1,,3,3,6,11,11,22,7,0.265858,0.276171,5e-05,0.001014,0.000976,,0,506,1,5,0.333333,0.005513,1
714,1,,2,2,4,11,11,22,7,0.252357,0.259746,4e-06,0.000609,0.000611,,0,506,8,89,0.0,0.003349,1
723,1,,2,2,4,11,11,22,7,0.234877,0.24184,0.000264,0.00016,0.000109,,0,506,1,5,0.0,0.000693,1
731,1,,2,2,4,11,11,22,7,0.240038,0.245982,4e-06,0.000225,0.000351,,0,506,14,48,0.0,0.001878,1
697,1,,9,8,17,12,10,22,6,0.326735,0.348443,0.000556,0.013099,0.012697,,0,506,12,10,0.333333,0.072047,1
700,1,,9,9,18,12,10,22,6,0.306152,0.319166,0.000694,0.006473,0.006839,,0,506,3,70,0.033333,0.037498,1
669,1,,8,8,16,12,10,22,7,0.297664,0.309939,0.000579,0.004182,0.003975,,0,506,8,3,0.0,0.022167,1
611,1,,8,8,16,13,9,22,7,0.235601,0.242463,0.00152,0.00016,0.000415,,0,506,97,70,0.071429,0.002323,1
527,1,,3,2,5,16,6,22,1,1.0,1.0,0.0,0.003625,0.000171,,0,207,50,44,0.333333,0.016274,1
338,1,,6,4,10,25,-3,22,6,0.281708,0.293933,0.00084,0.006052,0.001818,,0,506,18,67,0.333333,0.02514,1
1241,1,,5,7,12,5,18,23,7,0.270933,0.281721,0.000254,0.001729,0.001788,,0,506,2,17,0.047619,0.010252,1
1039,1,,5,7,12,7,16,23,6,0.306428,0.320892,4.5e-05,0.00775,0.009083,,0,506,11,5,0.119048,0.03644,1
949,1,,8,10,18,8,15,23,6,0.324135,0.3411,0.000134,0.017279,0.016607,,0,506,14,90,0.272727,0.084957,1
888,1,,4,5,9,9,14,23,6,0.309107,0.328876,0.000226,0.006697,0.005012,,0,506,1,5,0.25,0.02803,1
876,1,,17,18,35,9,14,23,6,0.318027,0.335415,0.000815,0.018193,0.018413,,0,506,7,47,0.111111,0.085371,1
900,1,,7,9,16,9,14,23,7,0.293215,0.307795,1e-06,0.00608,0.007249,,0,506,3,16,0.677778,0.025689,1
809,1,,2,3,5,10,13,23,6,0.288875,0.30431,2e-06,0.006598,0.006748,,0,506,13,86,0.333333,0.034249,1
736,1,,3,3,6,11,12,23,6,0.301715,0.321208,0.0,0.004581,0.004587,,0,506,1,4,1.0,0.026327,1
710,1,,6,7,13,11,12,23,6,0.340853,0.361694,0.000226,0.015221,0.015555,,0,506,2,68,0.547619,0.084334,1
752,1,,10,9,19,11,12,23,6,0.317005,0.334388,5.8e-05,0.018697,0.014728,,0,506,8,93,0.344444,0.092493,1
720,1,,11,12,23,11,12,23,6,0.300144,0.316898,0.001106,0.006512,0.006924,,0,506,2,26,0.068182,0.036911,1
749,1,,3,3,6,11,12,23,7,0.282537,0.297301,3e-06,0.004516,0.004792,,0,506,2,81,0.5,0.025048,1
681,1,,11,12,23,12,11,23,6,0.336446,0.354083,0.001073,0.019212,0.022904,,0,506,8,88,0.378205,0.097705,1
695,1,,10,10,20,12,11,23,6,0.317462,0.332341,0.000122,0.012276,0.012064,,0,506,1,53,0.155556,0.062506,1
685,1,,4,4,8,12,11,23,6,0.297925,0.310057,0.000492,0.005689,0.005141,,0,506,11,85,0.333333,0.027291,1
675,1,,7,5,12,12,11,23,7,0.260643,0.271571,7.9e-05,0.00142,0.00147,,0,506,6,52,0.261905,0.01169,1
705,1,,9,7,16,12,11,23,7,0.24836,0.257326,0.000607,0.001262,0.000491,,0,506,12,22,0.088889,0.007632,1
618,1,,2,1,3,13,10,23,8,0.190213,0.193841,4.7e-05,0.001201,4e-06,,0,506,1,5,0.0,0.00539,1
565,1,,6,5,11,14,9,23,7,0.280108,0.29285,2e-05,0.003649,0.003155,,0,506,2,20,0.266667,0.018981,1
577,1,,3,4,7,14,9,23,7,0.251967,0.260033,8.3e-05,0.000564,0.000446,,0,506,2,52,0.166667,0.002314,1
511,1,,6,6,12,16,7,23,7,0.273105,0.284855,0.000111,0.002246,0.002117,,0,506,14,89,0.133333,0.011854,1
483,1,,10,6,16,17,6,23,6,0.325996,0.347874,0.000672,0.016259,0.013732,,0,506,13,11,0.172727,0.088324,1
467,1,,13,14,27,17,6,23,6,0.314583,0.328725,0.001102,0.011371,0.012169,,0,506,15,0,0.065934,0.062717,1
496,1,,8,8,16,17,6,23,6,0.293583,0.307321,0.001146,0.006623,0.007884,,0,506,13,55,0.194444,0.03574,1
443,1,,11,11,22,18,5,23,7,0.290645,0.307191,0.001252,0.011529,0.004914,,0,506,2,93,0.104762,0.059276,1
385,1,,8,6,14,21,2,23,7,0.275151,0.286534,0.000318,0.001941,0.001497,,0,506,14,3,0.125,0.014757,1
358,1,,12,11,23,23,0,23,6,0.314583,0.330353,0.000646,0.015643,0.01228,,0,506,8,16,0.133333,0.07528,1
866,1,,7,9,16,9,15,24,7,0.280191,0.292935,0.000648,0.001584,0.002025,,0,506,6,58,0.027778,0.010354,1
812,1,,7,8,15,10,14,24,7,0.270229,0.283643,0.000229,0.005851,0.003115,,0,506,12,22,0.166667,0.031014,1
784,1,,6,8,14,10,14,24,7,0.278009,0.290955,0.000856,0.002106,0.002837,,0,506,2,3,0.0,0.012033,1
709,1,,3,3,6,12,12,24,6,0.299616,0.319029,0.000526,0.004318,0.004071,,0,506,1,1,0.0,0.022712,1
664,1,,9,9,18,12,12,24,6,0.31551,0.331843,0.000905,0.009562,0.009602,,0,506,1,50,0.138889,0.052993,1
684,1,,8,8,16,12,12,24,6,0.317974,0.334583,4.5e-05,0.014443,0.017901,,0,506,14,49,0.344444,0.071095,1
692,1,,3,3,6,12,12,24,6,0.294622,0.307406,1.2e-05,0.004531,0.004518,,0,506,13,10,0.333333,0.023377,1
706,1,,10,10,20,12,12,24,6,0.305006,0.321564,0.000333,0.012944,0.013423,,0,506,13,78,0.188889,0.069119,1
707,1,,11,10,21,12,12,24,6,0.29246,0.305733,4.7e-05,0.010912,0.007506,,0,506,15,31,0.2,0.053487,1
682,1,,12,12,24,12,12,24,7,0.289009,0.303481,0.001701,0.003482,0.003216,,0,506,6,52,0.007576,0.017091,1
655,1,,8,8,16,12,12,24,7,0.289232,0.303726,5.3e-05,0.004356,0.005061,,0,506,2,57,0.166667,0.024122,1
657,1,,8,8,16,12,12,24,7,0.276797,0.2878,0.000864,0.001634,0.001428,,0,506,8,58,0.0,0.008199,1
662,1,,2,3,5,12,12,24,7,0.273244,0.283354,1.5e-05,0.000284,0.001483,,0,506,8,56,0.0,0.002091,1
678,1,,6,7,13,12,12,24,7,0.253879,0.263986,0.002744,0.000398,0.000575,,0,506,6,89,0.047619,0.002825,1
674,1,,3,3,6,12,12,24,7,0.253553,0.263038,2.4e-05,0.000583,0.000965,,0,506,2,3,0.166667,0.005831,1
679,1,,3,3,6,12,12,24,7,0.242681,0.250353,3.4e-05,0.000288,0.000475,,0,506,6,52,0.0,0.002786,1
646,1,,4,3,7,13,11,24,7,0.290533,0.305109,6.7e-05,0.006011,0.005542,,0,506,13,12,0.416667,0.028664,1
640,1,,6,6,12,13,11,24,6,0.311187,0.3276,0.000529,0.01146,0.011619,,0,506,15,54,0.233333,0.060845,1
622,1,,12,11,23,13,11,24,7,0.29757,0.311656,0.001262,0.007597,0.006789,,0,506,8,89,0.015152,0.04174,1
643,1,,9,8,17,13,11,24,6,0.30756,0.321284,0.000514,0.013923,0.010495,,0,506,13,69,0.236111,0.064511,1
591,1,,10,10,20,14,10,24,7,0.305056,0.318408,0.000162,0.013088,0.009942,,0,506,14,19,0.05303,0.065098,1
580,1,,13,9,22,14,10,24,7,0.30703,0.320499,0.001296,0.011151,0.0059,,0,506,8,31,0.044872,0.057766,1
601,1,,5,3,8,14,10,24,7,0.296628,0.308467,1.1e-05,0.009648,0.005062,,0,506,8,72,0.3,0.039062,1
544,1,,7,11,18,15,9,24,6,0.326422,0.341562,0.000148,0.007339,0.017135,,0,506,8,54,0.190909,0.038186,1
542,1,,12,13,25,15,9,24,7,0.302495,0.318893,0.000713,0.007687,0.007854,,0,506,14,50,0.108974,0.043078,1
420,1,,6,1,7,19,5,24,6,0.285834,0.298661,1.2e-05,0.007656,0.002461,,0,506,2,53,0.266667,0.042671,1
815,1,,10,11,21,10,15,25,6,0.319519,0.338409,0.000546,0.018525,0.018818,,0,506,15,65,0.262821,0.095155,1
799,1,,7,7,14,10,15,25,6,0.319683,0.335295,2.8e-05,0.016553,0.016221,,0,506,1,80,0.333333,0.085716,1
739,1,,13,14,27,11,14,25,6,0.32086,0.336963,0.000681,0.018804,0.015315,,0,506,14,98,0.2,0.09216,1
751,1,,7,7,14,11,14,25,6,0.297712,0.313131,3.4e-05,0.009574,0.007992,,0,506,13,15,0.142857,0.041137,1
730,1,,5,5,10,11,14,25,7,0.286337,0.298308,6.5e-05,0.002864,0.002612,,0,506,2,58,0.1,0.014404,1
721,1,,5,6,11,11,14,25,7,0.275151,0.286859,8.6e-05,0.002329,0.002567,,0,506,14,2,0.066667,0.014357,1
745,1,,3,3,6,11,14,25,7,0.259075,0.269067,9e-06,0.000845,0.000889,,0,506,1,52,0.0,0.005075,1
704,1,,7,7,14,12,13,25,6,0.291936,0.306178,1e-05,0.00911,0.007507,,0,506,13,33,0.309524,0.037586,1
668,1,,8,8,16,12,13,25,7,0.26378,0.275103,9.8e-05,0.001484,0.00182,,0,506,6,17,0.0,0.010654,1
638,1,,6,4,10,13,12,25,7,0.305728,0.320873,2.5e-05,0.016223,0.008405,,0,506,15,98,0.375,0.082337,1
609,1,,10,10,20,13,12,25,6,0.306679,0.321786,0.000312,0.007005,0.007023,,0,506,8,96,0.155556,0.039427,1
610,1,,9,7,16,13,12,25,6,0.29497,0.306712,0.000206,0.00364,0.003372,,0,506,8,52,0.083333,0.019314,1
615,1,,7,7,14,13,12,25,6,0.29155,0.303643,0.000591,0.002875,0.003132,,0,506,2,79,0.142857,0.017645,1
587,1,,13,13,26,14,11,25,6,0.341911,0.363326,0.000693,0.021733,0.021663,,0,506,8,90,0.211538,0.114962,1
567,1,,3,3,6,14,11,25,6,0.293468,0.308011,5e-06,0.004298,0.004416,,0,506,2,103,0.666667,0.025282,1
570,1,,9,8,17,14,11,25,6,0.307156,0.321871,0.000167,0.008233,0.006994,,0,506,14,54,0.111111,0.044435,1
595,1,,5,3,8,14,11,25,7,0.25333,0.263427,0.000493,0.005637,0.000918,,0,506,7,30,0.15,0.027664,1
553,1,,15,21,36,15,10,25,6,0.324331,0.341349,0.003306,0.011174,0.019142,,0,506,11,88,0.064286,0.052572,1
547,1,,13,8,21,15,10,25,7,0.289187,0.302153,7e-05,0.013798,0.005373,,0,506,11,100,0.10989,0.071213,1
555,1,,6,4,10,15,10,25,7,0.265952,0.276291,2.6e-05,0.002455,0.001926,,0,506,13,70,0.047619,0.014152,1
513,1,,6,7,13,16,9,25,7,0.292483,0.306424,0.000773,0.005013,0.005768,,0,506,11,10,0.089286,0.029878,1
474,1,,11,12,23,17,8,25,6,0.312328,0.333111,0.001956,0.006339,0.007948,,0,506,1,52,0.037879,0.034855,1
497,1,,7,4,11,17,8,25,7,0.286731,0.301542,4.2e-05,0.010113,0.006554,,0,506,15,2,0.166667,0.05101,1
470,1,,4,3,7,17,8,25,7,0.272489,0.28483,0.000505,0.001879,0.002049,,0,506,2,20,0.3,0.009689,1
481,1,,5,4,9,17,8,25,7,0.250468,0.259204,0.000236,0.00097,0.000823,,0,506,6,11,0.0,0.00661,1
3035,1,,1,4,5,1,25,26,7,0.252749,0.263502,6e-06,8.8e-05,0.000821,,0,506,12,74,0.333333,0.000495,1
946,1,,16,16,32,8,18,26,6,0.325035,0.342679,0.000495,0.023559,0.022627,,0,506,11,86,0.224265,0.12509,1
781,1,,3,4,7,10,16,26,6,0.293514,0.308189,0.000233,0.004298,0.004418,,0,506,2,103,0.333333,0.025282,1
801,1,,22,17,39,10,16,26,6,0.335032,0.35512,0.000999,0.032776,0.026487,,0,506,11,49,0.175889,0.155783,1
832,1,,7,9,16,10,16,26,7,0.292597,0.307426,0.00023,0.006648,0.006847,,0,506,3,16,0.590909,0.025265,1
747,1,,10,10,20,11,15,26,6,0.309951,0.329837,0.000383,0.007183,0.00847,,0,506,13,2,0.133333,0.045378,1
756,1,,2,3,5,11,15,26,7,0.252936,0.260478,0.0005,0.000632,0.000501,,0,506,8,88,0.0,0.002644,1
654,1,,9,10,19,12,14,26,6,0.293928,0.308932,0.000422,0.004063,0.003946,,0,506,2,91,0.111111,0.021365,1
665,1,,6,6,12,12,14,26,8,0.202738,0.208689,0.001063,0.003662,8.8e-05,,0,506,97,70,0.047619,0.016176,1
676,1,,6,7,13,12,14,26,7,0.236508,0.243864,0.001018,0.000185,0.000259,,0,506,6,89,0.0,0.00147,1
625,1,,8,6,14,13,13,26,6,0.298304,0.318054,0.000751,0.005274,0.005562,,0,506,3,9,0.089286,0.035923,1
634,1,,7,7,14,13,13,26,7,0.3087,0.322309,0.000306,0.009466,0.009557,,0,506,7,40,0.111111,0.040144,1
612,1,,9,9,18,13,13,26,7,0.252035,0.262071,0.000434,0.000524,0.000701,,0,506,6,89,0.027778,0.004381,1
616,1,,6,6,12,13,13,26,7,0.227934,0.236033,0.000135,0.000122,7.7e-05,,0,506,6,89,0.066667,0.000847,1
572,1,,8,7,15,14,12,26,6,0.317947,0.333916,0.000252,0.012866,0.009867,,0,506,13,30,0.142857,0.054217,1
603,1,,8,10,18,14,12,26,6,0.29651,0.310782,4.4e-05,0.003336,0.007559,,0,506,13,24,0.122222,0.017275,1
581,1,,3,3,6,14,12,26,7,0.269413,0.279633,2e-06,0.001571,0.001331,,0,506,14,79,0.833333,0.007476,1
573,1,,3,3,6,14,12,26,7,0.26077,0.270195,1.1e-05,0.001118,0.001253,,0,506,8,12,0.0,0.006611,1
539,1,,5,5,10,15,11,26,6,0.294483,0.306232,0.000722,0.003951,0.002928,,0,506,11,26,0.05,0.015813,1
504,1,,8,7,15,16,10,26,6,0.306729,0.319473,0.000797,0.005191,0.005136,,0,506,2,20,0.107143,0.028245,1
510,1,,3,4,7,16,10,26,6,0.306854,0.321382,0.000233,0.006331,0.005973,,0,506,2,91,0.333333,0.032778,1
499,1,,5,5,10,17,9,26,7,0.289746,0.303441,0.000492,0.001832,0.003551,,0,506,3,16,0.309524,0.007498,1
486,1,,5,5,10,17,9,26,7,0.264824,0.275819,4.4e-05,0.00095,0.0018,,0,506,11,70,0.1,0.004813,1
434,1,,7,4,11,19,7,26,7,0.278422,0.291623,0.000525,0.004181,0.003477,,0,506,12,74,0.190476,0.022049,1
168,1,,16,21,37,44,-18,26,6,0.331007,0.348977,0.000604,0.021592,0.022192,,0,506,8,19,0.128623,0.114479,1
887,1,,3,5,8,9,18,27,7,0.260389,0.269975,0.000507,0.000218,0.000779,,0,506,14,90,0.1,0.001973,1
768,1,,8,11,19,10,17,27,6,0.327277,0.345232,0.000235,0.010082,0.014274,,0,506,2,54,0.3,0.055411,1
750,1,,4,5,9,11,16,27,6,0.3099,0.327377,1e-06,0.012128,0.013897,,0,506,7,77,0.95,0.057512,1
703,1,,11,10,21,12,15,27,6,0.326166,0.344115,0.00037,0.024691,0.020199,,0,506,7,64,0.345455,0.116826,1
660,1,,10,10,20,12,15,27,7,0.305404,0.319018,5.9e-05,0.008856,0.00878,,0,506,2,53,0.163636,0.047913,1
671,1,,7,8,15,12,15,27,7,0.266501,0.277273,0.00051,0.000992,0.001415,,0,506,6,57,0.0,0.006494,1
677,1,,6,7,13,12,15,27,7,0.259902,0.271309,0.000226,0.000445,0.000588,,0,506,6,89,0.017857,0.002316,1
688,1,,5,3,8,12,15,27,7,0.267872,0.278526,4.4e-05,0.002159,0.002281,,0,506,14,93,0.15,0.01311,1
637,1,,7,7,14,13,14,27,6,0.323268,0.345067,0.000153,0.013033,0.011092,,0,506,1,58,0.238095,0.060175,1
635,1,,7,9,16,13,14,27,6,0.302788,0.316022,0.000562,0.0053,0.005864,,0,506,11,50,0.069444,0.025035,1
563,1,,11,10,21,14,13,27,6,0.312745,0.333173,0.00057,0.009034,0.006826,,0,506,14,103,0.063636,0.051861,1
585,1,,14,17,31,14,13,27,6,0.325968,0.343119,0.000233,0.02072,0.02464,,0,506,8,61,0.169935,0.09894,1
597,1,,12,10,22,14,13,27,7,0.284813,0.300946,0.001044,0.01123,0.005466,,0,506,12,22,0.151515,0.054364,1
592,1,,10,9,19,14,13,27,6,0.317408,0.333898,0.000269,0.018477,0.014307,,0,506,7,90,0.255556,0.09077,1
604,1,,5,4,9,14,13,27,7,0.25804,0.268596,0.000501,0.003584,0.000814,,0,506,3,58,0.15,0.015847,1
579,1,,5,5,10,14,13,27,7,0.285138,0.297245,0.000104,0.002858,0.00291,,0,506,6,57,0.05,0.015953,1
584,1,,4,3,7,14,13,27,7,0.245431,0.253699,2.5e-05,0.00048,0.000363,,0,506,2,17,0.0,0.00297,1
536,1,,19,19,38,15,12,27,6,0.301085,0.317592,0.001673,0.009727,0.005314,,0,506,2,91,0.057143,0.05345,1
537,1,,8,8,16,15,12,27,6,0.290263,0.305306,0.000172,0.004638,0.004623,,0,506,2,20,0.138889,0.02426,1
551,1,,5,4,9,15,12,27,7,0.28337,0.295283,9e-06,0.004596,0.00414,,0,506,11,55,0.15,0.022245,1
521,1,,6,4,10,16,11,27,6,0.302007,0.319362,7e-05,0.014935,0.009176,,0,506,13,45,0.3,0.074592,1
520,1,,6,5,11,16,11,27,7,0.287943,0.300499,0.000503,0.004651,0.003485,,0,506,7,24,0.033333,0.02144,1
489,1,,7,6,13,17,10,27,6,0.32543,0.341166,0.000293,0.0138,0.01275,,0,506,11,25,0.357143,0.073719,1
458,1,,8,7,15,18,9,27,6,0.299233,0.318094,8.3e-05,0.012579,0.010685,,0,506,13,93,0.125,0.062191,1
444,1,,16,16,32,18,9,27,7,0.285247,0.298045,0.000876,0.003049,0.003072,,0,506,2,12,0.01462,0.016295,1
433,1,,12,12,24,19,8,27,7,0.303918,0.321655,0.000883,0.010842,0.011853,,0,506,13,10,0.134615,0.059321,1
337,1,,15,10,25,25,2,27,7,0.297617,0.311501,0.000204,0.008239,0.006389,,0,506,3,16,0.288095,0.031982,1
1638,1,,15,14,29,3,25,28,6,0.307333,0.321479,0.000686,0.007777,0.006424,,0,506,8,9,0.0125,0.038337,1
1456,1,,4,8,12,4,24,28,6,0.316737,0.334121,0.000166,0.009536,0.012239,,0,506,2,43,0.089286,0.051136,1
1249,1,,10,9,19,5,23,28,7,0.274505,0.288064,0.000355,0.005114,0.002876,,0,506,6,54,0.144444,0.02878,1
954,1,,6,10,16,8,20,28,7,0.297475,0.310798,0.000108,0.003089,0.005363,,0,506,1,49,0.177778,0.016728,1
859,1,,6,6,12,9,19,28,6,0.290645,0.304479,0.000655,0.003772,0.003572,,0,506,2,12,0.0,0.0201,1
796,1,,9,6,15,10,18,28,7,0.301472,0.314672,6.7e-05,0.016187,0.007832,,0,506,11,100,0.25,0.091709,1
807,1,,8,10,18,10,18,28,6,0.32831,0.345761,0.000103,0.012556,0.017718,,0,506,11,42,0.333333,0.065589,1
826,1,,8,9,17,10,18,28,6,0.297759,0.315306,0.000117,0.010171,0.011157,,0,506,15,65,0.194444,0.054556,1
785,1,,11,10,21,10,18,28,6,0.30247,0.319433,0.000741,0.00812,0.007825,,0,506,6,19,0.172727,0.044742,1
715,1,,11,12,23,11,17,28,6,0.304189,0.316538,0.000233,0.005332,0.007568,,0,506,2,57,0.05303,0.033947,1
683,1,,7,8,15,12,16,28,6,0.339494,0.360782,8e-05,0.017789,0.018568,,0,506,2,84,0.517857,0.092612,1
702,1,,10,9,19,12,16,28,7,0.3,0.31662,3.2e-05,0.014157,0.011519,,0,506,15,31,0.333333,0.074879,1
696,1,,8,9,17,12,16,28,6,0.311679,0.3305,9.7e-05,0.013953,0.013622,,0,506,7,50,0.263889,0.068161,1
650,1,,14,11,25,13,15,28,6,0.313583,0.331385,0.000597,0.020627,0.014978,,0,506,12,46,0.252381,0.108623,1
630,1,,5,6,11,13,15,28,7,0.27867,0.291216,0.000355,0.001686,0.001716,,0,506,1,4,0.2,0.008941,1
602,1,,10,8,18,14,14,28,6,0.297806,0.313353,4.1e-05,0.014302,0.009863,,0,506,15,31,0.277778,0.06932,1
569,1,,5,5,10,14,14,28,7,0.300988,0.313996,0.000164,0.004664,0.004488,,0,506,2,17,0.0,0.024359,1
571,1,,5,5,10,14,14,28,8,0.211313,0.217579,0.000697,3.5e-05,0.000185,,0,506,97,70,0.1,0.001089,1
541,1,,16,14,30,15,13,28,7,0.281623,0.293653,0.001379,0.001906,0.001827,,0,506,6,52,0.008333,0.012263,1
506,1,,8,9,17,16,12,28,6,0.318298,0.334383,0.000192,0.01348,0.015136,,0,506,14,33,0.152778,0.073772,1
491,1,,36,67,103,17,11,28,6,0.367461,0.396215,0.005974,0.037533,0.064216,,0,506,14,101,0.092285,0.182385,1
488,1,,6,8,14,17,11,28,7,0.307534,0.321228,0.00078,0.007,0.006169,,0,506,7,74,0.097222,0.033098,1
439,1,,11,7,18,18,10,28,6,0.312198,0.333609,0.000542,0.008127,0.00686,,0,506,3,9,0.109091,0.044621,1
456,1,,10,10,20,18,10,28,6,0.314689,0.330398,0.001122,0.009542,0.009202,,0,506,12,74,0.090909,0.047966,1
461,1,,2,1,3,18,10,28,7,0.27109,0.280644,0.0,0.002081,0.001344,,0,506,13,12,1.0,0.006824,1
1026,1,,3,5,8,7,22,29,7,0.239854,0.248026,0.000493,0.000473,0.000667,,0,506,14,40,0.1,0.002564,1
971,1,,3,3,6,8,21,29,7,0.296745,0.312639,3e-06,0.007423,0.007538,,0,506,13,30,0.833333,0.039035,1
804,1,,7,7,14,10,19,29,6,0.323771,0.34355,0.0003,0.012868,0.01286,,0,506,1,84,0.119048,0.068197,1
757,1,,7,10,17,11,18,29,6,0.317704,0.33646,0.000222,0.017543,0.018159,,0,506,15,12,0.333333,0.085427,1
766,1,,10,9,19,11,18,29,7,0.288054,0.302912,0.000238,0.006206,0.004951,,0,506,3,16,0.545455,0.026722,1
686,1,,10,12,22,12,17,29,6,0.32808,0.346482,0.00013,0.018162,0.022265,,0,506,11,100,0.295455,0.088212,1
699,1,,4,4,8,12,17,29,7,0.293583,0.307733,7.6e-05,0.004636,0.00467,,0,506,1,4,0.0,0.02479,1
689,1,,8,8,16,12,17,29,7,0.298804,0.31223,0.000148,0.005801,0.006356,,0,506,11,49,0.027778,0.02838,1
621,1,,6,7,13,13,16,29,6,0.313425,0.332515,0.000236,0.017751,0.017983,,0,506,11,53,0.404762,0.093925,1
562,1,,6,5,11,14,15,29,6,0.317005,0.331136,0.00157,0.013354,0.008795,,0,506,2,70,0.380952,0.071429,1
600,1,,2,2,4,14,15,29,6,0.287965,0.302135,0.0,0.003776,0.003114,,0,506,13,44,1.0,0.01641,1
576,1,,4,4,8,14,15,29,7,0.267719,0.279199,4.6e-05,0.001262,0.001908,,0,506,6,57,0.0,0.011553,1
546,1,,7,4,11,15,14,29,7,0.292757,0.305727,4.4e-05,0.007056,0.006028,,0,506,11,2,0.071429,0.041357,1
533,1,,3,3,6,15,14,29,7,0.262285,0.271962,0.000496,0.001176,0.001045,,0,506,14,91,0.0,0.00608,1
512,1,,9,8,17,16,13,29,6,0.315696,0.330891,0.00014,0.009719,0.009205,,0,506,2,22,0.333333,0.05309,1
522,1,,11,9,20,16,13,29,6,0.309337,0.328556,0.00011,0.016273,0.013018,,0,506,13,78,0.190909,0.082999,1
498,1,,15,17,32,17,12,29,7,0.300698,0.316763,0.000132,0.009306,0.00729,,0,506,3,16,0.246667,0.036554,1
485,1,,10,10,20,17,12,29,6,0.314372,0.327889,0.000445,0.012641,0.011591,,0,506,2,66,0.072727,0.067527,1
438,1,,8,11,19,18,11,29,6,0.307131,0.322147,0.000172,0.005037,0.005996,,0,506,11,45,0.1,0.025558,1
386,1,,11,11,22,21,8,29,6,0.323911,0.34065,0.001098,0.010322,0.010379,,0,506,14,72,0.136364,0.057231,1
369,1,,12,9,21,22,7,29,6,0.306077,0.319184,0.001251,0.009637,0.00697,,0,506,14,90,0.038462,0.04348,1
330,1,,17,19,36,25,4,29,6,0.339218,0.361222,0.000822,0.024495,0.025212,,0,506,1,81,0.132246,0.120804,1
1368,1,,4,6,10,5,25,30,6,0.316737,0.331332,1.7e-05,0.005391,0.010953,,0,506,12,56,0.266667,0.02518,1
777,1,,14,13,27,10,20,30,6,0.335452,0.353025,0.000292,0.024567,0.024141,,0,506,2,66,0.241758,0.133184,1
617,1,,10,9,19,13,17,30,6,0.320229,0.339716,0.000404,0.013176,0.009449,,0,506,1,9,0.090909,0.065938,1
586,1,,8,7,15,14,16,30,6,0.312536,0.332284,0.000556,0.011248,0.008675,,0,506,11,90,0.178571,0.06039,1
543,1,,5,5,10,15,15,30,6,0.306905,0.327088,0.00033,0.005941,0.006043,,0,506,13,9,0.1,0.034142,1
531,1,,12,12,24,15,15,30,6,0.301012,0.31688,0.000401,0.006278,0.005947,,0,506,2,71,0.151515,0.034592,1
535,1,,11,12,23,15,15,30,6,0.297475,0.313126,0.00022,0.004484,0.005102,,0,506,2,91,0.136364,0.026876,1
476,1,,10,10,20,17,13,30,7,0.281856,0.293651,0.002619,0.002262,0.002557,,0,506,8,102,0.0,0.01376,1
449,1,,10,12,22,18,12,30,6,0.320887,0.336896,0.000211,0.00765,0.01187,,0,506,2,3,0.318182,0.04514,1
294,1,,5,2,7,28,2,30,1,1.0,1.0,0.000456,0.002655,0.0,,0,232,1,4,0.2,0.014506,1
716,1,,17,16,33,11,20,31,6,0.296581,0.313135,0.002061,0.005872,0.004428,,0,506,14,91,0.029412,0.032184,1
594,1,,5,5,10,14,17,31,6,0.306804,0.326559,0.000109,0.005787,0.005692,,0,506,1,24,0.25,0.03234,1
590,1,,4,4,8,14,17,31,7,0.283177,0.298477,2.7e-05,0.005098,0.005323,,0,506,13,52,0.0,0.027925,1
588,1,,12,10,22,14,17,31,6,0.313268,0.328,0.000264,0.01376,0.014015,,0,506,11,100,0.212121,0.075897,1
568,1,,11,13,24,14,17,31,6,0.304585,0.317783,0.000462,0.004853,0.005278,,0,506,14,66,0.051282,0.02684,1
574,1,,8,7,15,14,17,31,7,0.274024,0.286356,7.3e-05,0.001622,0.00187,,0,506,6,3,0.053571,0.011428,1
549,1,,10,8,18,15,16,31,6,0.32086,0.33908,0.000116,0.020285,0.0154,,0,506,11,78,0.3,0.104418,1
540,1,,10,10,20,15,16,31,6,0.299449,0.313362,0.000669,0.004638,0.004609,,0,506,2,17,0.1,0.025473,1
514,1,,10,10,20,16,15,31,7,0.271168,0.283073,0.001401,0.002009,0.001186,,0,506,11,45,0.018182,0.012596,1
515,1,,6,5,11,16,15,31,7,0.272509,0.283847,0.0004,0.002689,0.002421,,0,506,11,93,0.0,0.013817,1
450,1,,3,2,5,18,13,31,7,0.258147,0.269083,2e-05,0.000802,0.001084,,0,506,6,3,0.333333,0.006907,1
335,1,,9,6,15,25,6,31,7,0.295039,0.309544,0.000435,0.01647,0.008101,,0,506,13,22,0.422222,0.082646,1
268,1,,15,0,15,31,0,31,0,0.0,0.0,0.0,0.019524,0.0,,0,15,2,5,0.119048,0.103351,1
1458,1,,4,8,12,4,28,32,6,0.324978,0.345236,0.000236,0.007094,0.012665,,0,506,6,66,0.214286,0.040749,1
753,1,,4,4,8,11,21,32,6,0.317166,0.337741,8.3e-05,0.008844,0.009109,,0,506,2,78,0.333333,0.049159,1
690,1,,7,6,13,12,20,32,7,0.284986,0.296893,9.2e-05,0.002849,0.002528,,0,506,2,43,0.035714,0.015112,1
663,1,,9,10,19,12,20,32,6,0.300529,0.313838,0.001062,0.005095,0.005304,,0,506,13,17,0.022222,0.029182,1
649,1,,14,13,27,13,19,32,6,0.32526,0.346637,0.000269,0.020329,0.016802,,0,506,1,65,0.263736,0.104027,1
632,1,,11,12,23,13,19,32,6,0.330452,0.34823,0.000766,0.018522,0.022187,,0,506,8,63,0.205128,0.102147,1
578,1,,7,9,16,14,18,32,6,0.317193,0.338991,0.000421,0.00699,0.00801,,0,506,1,4,0.263889,0.038479,1
561,1,,8,8,16,14,18,32,6,0.31647,0.330923,0.000513,0.013114,0.009459,,0,506,8,56,0.333333,0.063923,1
589,1,,7,8,15,14,18,32,6,0.319192,0.335726,0.000518,0.011503,0.015242,,0,506,11,49,0.267857,0.057669,1
566,1,,8,8,16,14,18,32,6,0.291505,0.303496,0.000131,0.003461,0.004362,,0,506,8,12,0.035714,0.02384,1
552,1,,7,6,13,15,17,32,7,0.314398,0.328923,3.4e-05,0.013414,0.010832,,0,506,14,49,0.222222,0.068395,1
550,1,,10,11,21,15,17,32,7,0.314214,0.329635,0.000602,0.014771,0.015513,,0,506,2,88,0.136364,0.071252,1
516,1,,11,11,22,16,16,32,7,0.305404,0.319681,0.000612,0.01028,0.009308,,0,506,11,102,0.128205,0.055401,1
426,1,,6,4,10,19,13,32,7,0.245431,0.253215,0.000601,0.001564,0.000322,,0,506,11,93,0.0,0.008254,1
405,1,,10,10,20,20,12,32,7,0.292597,0.305749,0.000172,0.003802,0.00354,,0,506,2,91,0.055556,0.019955,1
382,1,,19,16,35,21,11,32,6,0.315803,0.330722,0.000703,0.012333,0.0087,,0,506,2,0,0.081871,0.065481,1
352,1,,11,2,13,24,8,32,7,0.284424,0.297467,5e-06,0.007773,0.002429,,0,506,3,16,0.609091,0.032368,1
824,1,,12,44,56,10,23,33,6,0.332919,0.354888,0.00143,0.007748,0.028477,,0,506,3,16,0.10407,0.031023,1
656,1,,15,13,28,12,21,33,6,0.310388,0.328374,0.000931,0.011222,0.009883,,0,506,2,81,0.066176,0.061541,1
641,1,,17,18,35,13,20,33,6,0.336325,0.356561,0.001297,0.023281,0.024879,,0,506,8,79,0.144737,0.11789,1
599,1,,12,12,24,14,19,33,7,0.302763,0.320152,0.000223,0.011924,0.009214,,0,506,12,74,0.159341,0.058177,1
575,1,,7,7,14,14,19,33,7,0.22293,0.230488,0.001333,7.8e-05,7.8e-05,,0,506,6,89,0.0,0.000739,1
529,1,,12,12,24,15,18,33,6,0.305628,0.325518,0.001883,0.005062,0.004879,,0,506,6,2,0.015152,0.028187,1
528,1,,7,8,15,16,17,33,6,0.296628,0.310889,3e-05,0.008402,0.00879,,0,506,13,25,0.277778,0.039599,1
505,1,,12,13,25,16,17,33,7,0.308446,0.322928,0.000735,0.00683,0.007318,,0,506,8,45,0.044872,0.037798,1
493,1,,10,8,18,17,16,33,6,0.323073,0.344404,0.000299,0.012988,0.012637,,0,506,13,93,0.2,0.070633,1
473,1,,11,11,22,17,16,33,6,0.310233,0.323281,0.000401,0.006492,0.006287,,0,506,8,17,0.1,0.034204,1
494,1,,10,10,20,17,16,33,6,0.315776,0.330322,9.4e-05,0.010397,0.015001,,0,506,1,90,0.136364,0.054394,1
459,1,,11,11,22,18,15,33,6,0.325515,0.346166,0.000335,0.011318,0.012601,,0,506,1,5,0.121212,0.061455,1
455,1,,8,7,15,18,15,33,6,0.316978,0.336781,0.000165,0.007407,0.007148,,0,506,2,48,0.277778,0.039785,1
388,1,,3,3,6,21,12,33,7,0.269898,0.280872,0.000165,0.001543,0.000986,,0,506,11,88,0.25,0.004681,1
332,1,,17,20,37,25,8,33,6,0.317193,0.334988,0.001758,0.019596,0.018805,,0,506,3,10,0.132035,0.101654,1
317,1,,12,3,15,26,7,33,7,0.277453,0.28875,0.000102,0.008571,0.002441,,0,506,11,86,0.030303,0.042742,1
870,1,,7,6,13,9,25,34,6,0.31199,0.324726,0.00011,0.011996,0.009031,,0,506,11,9,0.095238,0.060193,1
863,1,,15,16,31,9,25,34,6,0.301472,0.316191,0.001341,0.006464,0.006195,,0,506,8,54,0.036765,0.034649,1
680,1,,13,12,25,12,22,34,7,0.301667,0.316892,0.000319,0.013914,0.007704,,0,506,2,26,0.131868,0.072363,1
642,1,,6,6,12,13,21,34,6,0.30012,0.313829,3.3e-05,0.010444,0.008433,,0,506,7,77,0.309524,0.05758,1
548,1,,8,8,16,15,19,34,7,0.303033,0.317552,0.000105,0.009796,0.010201,,0,506,11,53,0.155556,0.055199,1
453,1,,8,8,16,18,16,34,6,0.299353,0.311801,0.000524,0.00582,0.005878,,0,506,1,53,0.035714,0.03121,1
441,1,,10,8,18,18,16,34,7,0.268776,0.278514,0.00112,0.003024,0.001026,,0,506,8,2,0.0,0.014801,1
422,1,,13,11,24,19,15,34,6,0.295808,0.308389,0.00037,0.005107,0.004899,,0,506,2,0,0.051282,0.028918,1
379,1,,15,12,27,21,13,34,6,0.32086,0.336291,0.000159,0.017567,0.014238,,0,506,8,71,0.285714,0.100169,1
371,1,,17,20,37,22,12,34,6,0.31765,0.337732,0.000467,0.024297,0.028129,,0,506,13,84,0.157143,0.130845,1
608,1,,5,6,11,13,22,35,7,0.270424,0.281081,0.000299,0.000197,0.001343,,0,506,2,20,0.166667,0.001597,1
554,1,,4,3,7,15,20,35,6,0.316309,0.337074,0.000133,0.007509,0.006565,,0,506,13,44,0.166667,0.036963,1
530,1,,10,12,22,15,20,35,6,0.320585,0.336812,0.000667,0.010459,0.012207,,0,506,1,46,0.128788,0.05368,1
556,1,,2,2,4,15,20,35,7,0.24749,0.256244,0.0,0.000319,0.000397,,0,506,14,90,1.0,0.002168,1
472,1,,9,10,19,17,18,35,6,0.308827,0.329134,0.00127,0.005674,0.005934,,0,506,2,26,0.055556,0.031986,1
466,1,,10,10,20,17,18,35,6,0.299018,0.314896,5e-05,0.006593,0.006377,,0,506,2,71,0.266667,0.037055,1
468,1,,6,7,13,17,18,35,6,0.309388,0.32417,0.000113,0.00646,0.007212,,0,506,14,91,0.214286,0.03378,1
495,1,,5,5,10,17,18,35,7,0.253793,0.261746,9.8e-05,0.000487,0.000629,,0,506,14,72,0.45,0.003376,1
446,1,,5,5,10,18,17,35,6,0.313767,0.32744,5.5e-05,0.007836,0.007928,,0,506,2,54,0.45,0.042607,1
460,1,,13,13,26,18,17,35,6,0.315457,0.332021,0.001337,0.01107,0.01223,,0,506,12,22,0.049451,0.060617,1
415,1,,4,4,8,20,15,35,7,0.247654,0.255777,0.000994,0.000504,0.00079,,0,506,13,55,0.0,0.00399,1
367,1,,9,10,19,22,13,35,6,0.303548,0.3193,0.000295,0.005743,0.006079,,0,506,2,9,0.088889,0.032582,1
366,1,,12,9,21,22,13,35,6,0.303597,0.318513,0.00013,0.011275,0.005764,,0,506,11,57,0.075758,0.059716,1
701,1,,12,12,24,12,24,36,6,0.338391,0.363188,0.000892,0.02039,0.018157,,0,506,13,0,0.175824,0.107054,1
598,1,,7,10,17,14,22,36,7,0.291505,0.304375,0.000885,0.001174,0.003962,,0,506,7,85,0.033333,0.008238,1
519,1,,15,14,29,16,20,36,6,0.325684,0.346726,0.001015,0.018592,0.015033,,0,506,1,2,0.138095,0.096968,1
507,1,,17,17,34,16,20,36,6,0.316176,0.337715,0.001336,0.009017,0.007777,,0,506,8,11,0.039216,0.049478,1
524,1,,3,2,5,16,20,36,6,0.28423,0.296691,0.0,0.007546,0.003597,,0,506,13,10,1.0,0.038641,1
502,1,,5,5,10,16,20,36,7,0.276226,0.287181,4.5e-05,0.001866,0.002738,,0,506,14,91,0.033333,0.010131,1
479,1,,7,6,13,17,19,36,6,0.310671,0.326007,0.000597,0.008284,0.006994,,0,506,2,28,0.166667,0.045213,1
477,1,,6,6,12,17,19,36,7,0.230131,0.237554,0.000726,0.000168,0.000377,,0,506,2,52,0.0,0.002315,1
448,1,,6,6,12,18,18,36,8,0.207889,0.214182,0.001221,3e-05,8.7e-05,,0,506,97,70,0.066667,0.000704,1
421,1,,4,3,7,19,17,36,7,0.258271,0.267884,3.6e-05,0.001388,0.000724,,0,506,2,43,0.15,0.00775,1
413,1,,12,13,25,20,16,36,6,0.310645,0.326003,0.001113,0.012812,0.012832,,0,506,13,30,0.108974,0.065712,1
375,1,,22,30,52,22,14,36,6,0.330452,0.351321,0.001315,0.024707,0.028729,,0,506,3,24,0.197861,0.110613,1
365,1,,13,12,25,22,14,36,6,0.306729,0.321777,0.000993,0.005702,0.005073,,0,506,14,63,0.032051,0.031884,1
270,1,,12,11,23,30,6,36,6,0.317758,0.333578,0.000525,0.014495,0.010621,,0,506,8,26,0.198718,0.079987,1
666,1,,12,15,27,12,25,37,6,0.314953,0.332061,0.000161,0.017337,0.017723,,0,506,13,33,0.209559,0.083038,1
623,1,,13,13,26,13,24,37,6,0.347524,0.369816,0.00066,0.027064,0.026028,,0,506,14,48,0.434066,0.137565,1
633,1,,3,4,7,13,24,37,7,0.276348,0.28756,4.8e-05,0.00106,0.001329,,0,506,11,70,0.0,0.004297,1
557,1,,9,9,18,15,22,37,6,0.303745,0.32317,9.3e-05,0.015444,0.015877,,0,506,13,90,0.416667,0.081855,1
503,1,,9,8,17,16,21,37,6,0.337841,0.358478,0.000875,0.015396,0.015502,,0,506,2,68,0.263889,0.084124,1
492,1,,10,9,19,17,20,37,6,0.328137,0.347869,3.9e-05,0.027217,0.023662,,0,506,15,22,0.622222,0.139984,1
482,1,,11,11,22,17,20,37,6,0.325458,0.342069,0.000199,0.018721,0.018687,,0,506,14,100,0.281818,0.098454,1
478,1,,16,16,32,17,20,37,7,0.309695,0.324871,0.00245,0.006841,0.006453,,0,506,6,103,0.047794,0.038722,1
490,1,,11,12,23,17,20,37,7,0.300964,0.316571,0.000124,0.009978,0.012595,,0,506,7,40,0.090909,0.054784,1
445,1,,5,6,11,18,19,37,7,0.283391,0.296186,0.000367,0.001736,0.002589,,0,506,2,17,0.066667,0.010769,1
463,1,,5,6,11,18,19,37,7,0.279836,0.29144,4e-06,0.004421,0.004719,,0,506,13,31,0.02381,0.020456,1
432,1,,14,15,29,19,18,37,6,0.303425,0.323757,0.000893,0.006213,0.006714,,0,506,1,58,0.071429,0.036166,1
381,1,,9,6,15,21,16,37,6,0.314161,0.328756,0.000113,0.010656,0.009646,,0,506,2,55,0.194444,0.058143,1
327,1,,13,14,27,25,12,37,6,0.315431,0.329695,0.001158,0.01068,0.009618,,0,506,6,17,0.047619,0.057725,1
206,1,,18,26,44,39,-2,37,6,0.317596,0.335433,0.003287,0.009405,0.012198,,0,506,12,74,0.060847,0.043874,1
693,1,,8,11,19,12,26,38,6,0.312563,0.327306,0.000166,0.007628,0.014934,,0,506,14,78,0.090909,0.039745,1
509,1,,11,12,23,16,22,38,6,0.316684,0.333022,0.001515,0.011714,0.015042,,0,506,13,53,0.106061,0.068149,1
452,1,,15,15,30,18,20,38,6,0.321548,0.338849,0.000285,0.02141,0.019064,,0,506,15,50,0.183333,0.105676,1
451,1,,11,11,22,18,20,38,6,0.31792,0.333649,0.000536,0.011361,0.009497,,0,506,1,85,0.060606,0.055958,1
419,1,,14,15,29,19,19,38,6,0.301667,0.318508,0.001121,0.005968,0.00641,,0,506,2,71,0.114286,0.035015,1
393,1,,17,16,33,21,17,38,6,0.308598,0.324744,0.002422,0.017566,0.014006,,0,506,15,100,0.121324,0.087907,1
370,1,,15,16,31,22,16,38,6,0.343069,0.366204,0.000729,0.026006,0.025024,,0,506,15,66,0.179167,0.130722,1
362,1,,22,12,34,23,15,38,6,0.325798,0.344138,0.00082,0.027715,0.018763,,0,506,7,57,0.112554,0.13344,1
1074,1,,4,16,20,7,32,39,7,0.291142,0.306817,0.000289,0.003569,0.006658,,0,506,3,16,0.290441,0.016179,1
526,1,,13,17,30,16,23,39,6,0.311006,0.328894,0.00031,0.017285,0.020974,,0,506,13,27,0.130719,0.085569,1
518,1,,10,7,17,16,23,39,7,0.281412,0.293477,0.00038,0.009426,0.00401,,0,506,11,88,0.190909,0.05107,1
454,1,,13,14,27,18,21,39,6,0.340389,0.362521,0.000777,0.017757,0.019011,,0,506,13,24,0.142857,0.095659,1
423,1,,7,8,15,19,20,39,6,0.316336,0.330834,0.000264,0.0048,0.007777,,0,506,2,52,0.088889,0.024844,1
394,1,,5,5,10,21,18,39,6,0.315218,0.332724,3.3e-05,0.012361,0.01302,,0,506,13,64,0.285714,0.065023,1
342,1,,9,8,17,24,15,39,7,0.255489,0.264904,0.001507,0.004175,0.00081,,0,506,8,17,0.027778,0.018224,1
263,1,,10,8,18,31,8,39,7,0.264637,0.275521,0.000572,0.005158,0.001288,,0,506,6,72,0.072727,0.030311,1
196,1,,23,22,45,40,-1,39,6,0.344457,0.368317,0.001556,0.032716,0.027757,,0,506,3,16,0.174877,0.159848,1
828,1,,1,3,4,10,30,40,8,0.221245,0.22705,0.0,2.5e-05,6.3e-05,,0,506,11,88,0.5,0.000179,1
748,1,,17,17,34,11,29,40,6,0.331505,0.353225,0.000667,0.029431,0.029767,,0,506,7,81,0.278947,0.142034,1
673,1,,4,9,13,12,28,40,7,0.260425,0.270399,0.000522,0.000627,0.001583,,0,506,14,88,0.111111,0.003455,1
645,1,,17,16,33,13,27,40,6,0.317273,0.336158,0.001841,0.016173,0.015084,,0,506,13,11,0.095588,0.082317,1
605,1,,9,10,19,14,26,40,7,0.296182,0.310994,6.1e-05,0.006014,0.005648,,0,506,3,16,0.318681,0.02386,1
545,1,,12,11,23,15,25,40,6,0.328569,0.347224,0.00149,0.022894,0.020671,,0,506,13,55,0.230769,0.115093,1
559,1,,3,5,8,15,25,40,7,0.235143,0.241791,0.000321,0.000195,0.000225,,0,506,3,16,0.45,0.001047,1
500,1,,7,8,15,16,24,40,6,0.302788,0.320888,0.000665,0.006346,0.005678,,0,506,13,20,0.178571,0.030789,1
401,1,,14,14,28,20,20,40,6,0.31846,0.333431,0.001282,0.012918,0.009796,,0,506,15,53,0.066667,0.067237,1
418,1,,2,2,4,20,20,40,7,0.242211,0.250178,0.0,0.000489,0.000491,,0,506,3,90,1.0,0.001973,1
380,1,,10,10,20,21,19,40,6,0.297004,0.310213,0.001188,0.007427,0.004604,,0,506,7,66,0.127273,0.037943,1
613,1,,16,15,31,13,28,41,6,0.349436,0.371471,0.001202,0.026004,0.020899,,0,506,2,57,0.161765,0.13392,1
651,1,,5,10,15,13,28,41,6,0.304461,0.322187,0.000425,0.007035,0.007837,,0,506,15,16,0.281818,0.036179,1
523,1,,10,9,19,16,25,41,6,0.316523,0.33658,0.000368,0.023562,0.016676,,0,506,1,89,0.281818,0.11236,1
475,1,,6,9,15,17,24,41,6,0.309516,0.32228,0.001231,0.002705,0.006625,,0,506,11,89,0.041667,0.013829,1
484,1,,12,18,30,17,24,41,6,0.330394,0.352433,0.000223,0.020299,0.026947,,0,506,15,27,0.166667,0.103941,1
447,1,,11,10,21,18,23,41,6,0.278753,0.29138,0.000422,0.003108,0.002021,,0,506,6,17,0.045455,0.01772,1
431,1,,15,15,30,19,22,41,6,0.316764,0.333195,0.001993,0.013657,0.012277,,0,506,13,52,0.075,0.064622,1
403,1,,20,21,41,20,21,41,6,0.309695,0.323966,0.001087,0.008087,0.007979,,0,506,13,89,0.033597,0.043416,1
410,1,,9,10,19,20,21,41,7,0.27162,0.282985,0.000697,0.001341,0.001339,,0,506,11,70,0.0,0.007678,1
399,1,,3,2,5,21,20,41,7,0.232329,0.240702,1e-05,0.002863,0.000125,,0,506,1,58,0.333333,0.012153,1
387,1,,4,3,7,21,20,41,8,0.211779,0.218367,6.9e-05,3e-05,6.1e-05,,0,506,6,89,0.0,0.000525,1
373,1,,15,15,30,22,19,41,7,0.308319,0.323386,0.001314,0.016549,0.01131,,0,506,6,61,0.130719,0.092298,1
361,1,,10,10,20,23,18,41,6,0.318027,0.333845,0.000639,0.011883,0.011315,,0,506,11,78,0.118182,0.064269,1
462,1,,13,14,27,18,24,42,6,0.324444,0.345708,0.001475,0.011373,0.012067,,0,506,14,72,0.07619,0.061596,1
457,1,,10,9,19,18,24,42,7,0.269375,0.283296,0.000215,0.005529,0.00185,,0,506,12,74,0.188889,0.026148,1
464,1,,5,7,12,18,24,42,7,0.290916,0.303935,0.000726,0.004226,0.005305,,0,506,15,2,0.0,0.021423,1
355,1,,12,12,24,23,19,42,6,0.314874,0.328868,0.000703,0.010197,0.011305,,0,506,8,72,0.115385,0.056749,1
360,1,,20,25,45,23,19,42,6,0.329725,0.347407,0.001508,0.028028,0.03223,,0,506,11,47,0.143875,0.136546,1
329,1,,12,14,26,25,17,42,6,0.315086,0.330464,0.000155,0.01335,0.017005,,0,506,14,49,0.164835,0.072195,1
324,1,,12,16,28,25,17,42,7,0.276695,0.289728,0.002831,0.001612,0.001789,,0,506,6,89,0.029167,0.010464,1
311,1,,12,8,20,26,16,42,6,0.29644,0.310786,0.00096,0.005887,0.00393,,0,506,2,56,0.060606,0.032078,1
628,1,,3,3,6,13,30,43,7,0.228336,0.235191,0.000492,9.4e-05,0.000101,,0,506,6,11,0.0,0.00072,1
440,1,,6,5,11,18,25,43,6,0.27588,0.287345,0.000148,0.002519,0.001964,,0,506,11,45,0.035714,0.012626,1
359,1,,11,11,22,23,20,43,7,0.224116,0.230898,0.00489,5.8e-05,7.8e-05,,0,506,6,52,0.0,0.000788,1
343,1,,7,8,15,24,19,43,7,0.272015,0.283285,0.001355,0.001036,0.000855,,0,506,1,0,0.035714,0.005235,1
289,1,,17,19,36,29,14,43,6,0.321383,0.342243,0.000992,0.022654,0.023081,,0,506,15,50,0.201754,0.11953,1
111,1,,26,26,52,67,-24,43,6,0.34042,0.362454,0.001321,0.042347,0.037839,,0,506,13,39,0.145646,0.207584,1
402,1,,13,15,28,20,24,44,6,0.313819,0.328383,0.001042,0.011594,0.01034,,0,506,1,83,0.077206,0.061755,1
396,1,,14,13,27,21,23,44,6,0.354427,0.378467,0.000337,0.032828,0.030761,,0,506,13,81,0.406593,0.166915,1
368,1,,10,9,19,22,22,44,7,0.273284,0.285378,0.000538,0.002212,0.002122,,0,506,2,85,0.044444,0.013586,1
333,1,,13,13,26,25,19,44,6,0.341102,0.364923,0.000357,0.025008,0.026838,,0,506,13,69,0.324176,0.133858,1
301,1,,9,10,19,27,17,44,6,0.313216,0.333124,0.000604,0.00676,0.008544,,0,506,7,10,0.144444,0.037348,1
269,1,,18,25,43,31,13,44,6,0.328973,0.348145,0.000756,0.017259,0.021608,,0,506,3,16,0.232008,0.077434,1
200,1,,12,4,16,39,5,44,7,0.253381,0.26212,0.000575,0.011057,0.000456,,0,506,8,68,0.272727,0.060678,1
184,1,,20,11,31,42,2,44,7,0.276287,0.288716,0.001235,0.003114,0.003766,,0,506,11,88,0.016667,0.017303,1
437,1,,8,12,20,18,27,45,6,0.314161,0.330331,0.000625,0.005272,0.007601,,0,506,2,26,0.121212,0.030444,1
411,1,,14,16,30,20,25,45,6,0.339587,0.358118,0.000615,0.028173,0.033583,,0,506,1,32,0.3125,0.147309,1
395,1,,17,17,34,21,24,45,6,0.339618,0.362312,0.00087,0.025602,0.023983,,0,506,6,61,0.150327,0.133325,1
398,1,,16,17,33,21,24,45,6,0.31655,0.332381,0.000641,0.020959,0.020066,,0,506,13,78,0.205882,0.101459,1
397,1,,15,15,30,21,24,45,6,0.291482,0.306997,0.000309,0.010873,0.010894,,0,506,15,31,0.161905,0.056566,1
340,1,,14,13,27,24,21,45,6,0.28706,0.298701,0.002541,0.003616,0.002131,,0,506,2,20,0.014286,0.018193,1
339,1,,12,11,23,24,21,45,7,0.266387,0.277727,0.001282,0.001862,0.001494,,0,506,2,89,0.022727,0.011495,1
300,1,,11,12,23,27,18,45,6,0.298995,0.314701,0.001164,0.009181,0.005857,,0,506,6,4,0.065934,0.053346,1
465,1,,3,5,8,18,28,46,7,0.235143,0.241791,0.000262,1.7e-05,0.000229,,0,506,3,16,0.45,0.000165,1
384,1,,16,10,26,21,25,46,6,0.303401,0.317716,0.00133,0.012483,0.005612,,0,506,6,52,0.058333,0.063408,1
363,1,,4,4,8,23,23,46,7,0.267643,0.278228,8.1e-05,0.001693,0.001271,,0,506,1,58,0.166667,0.006462,1
321,1,,15,12,27,26,20,46,6,0.306228,0.324059,0.000181,0.015679,0.015522,,0,506,13,25,0.220833,0.071632,1
412,1,,17,21,38,20,27,47,6,0.335542,0.353714,0.000999,0.021895,0.025517,,0,506,14,30,0.15415,0.102242,1
392,1,,10,12,22,21,26,47,6,0.312276,0.32732,0.000368,0.011214,0.010445,,0,506,11,100,0.121212,0.053593,1
378,1,,5,8,13,22,25,47,7,0.286687,0.300879,7.2e-05,0.001142,0.003779,,0,506,3,16,0.607143,0.00459,1
252,1,,21,24,45,32,15,47,6,0.306905,0.323454,0.003142,0.003427,0.006785,,0,506,1,4,0.027174,0.018127,1
430,1,,6,9,15,19,29,48,6,0.316684,0.337563,0.000724,0.003074,0.008439,,0,506,13,30,0.055556,0.019934,1
429,1,,5,5,10,19,29,48,6,0.296276,0.312116,7e-06,0.009867,0.010696,,0,506,15,80,0.3,0.05424,1
383,1,,15,14,29,21,27,48,7,0.311135,0.326762,0.000806,0.008735,0.007873,,0,506,2,9,0.066667,0.0497,1
347,1,,18,17,35,24,24,48,6,0.357538,0.380785,0.001069,0.035414,0.030946,,0,506,13,66,0.22549,0.181275,1
345,1,,13,14,27,24,24,48,6,0.332328,0.351655,0.000144,0.031295,0.030238,,0,506,13,31,0.347619,0.159311,1
310,1,,11,12,23,27,21,48,6,0.31567,0.332284,0.000232,0.015626,0.01626,,0,506,13,25,0.257576,0.072567,1
297,1,,9,9,18,27,21,48,7,0.28812,0.299931,0.000312,0.003102,0.003592,,0,506,14,2,0.036364,0.015097,1
400,1,,7,4,11,21,28,49,8,0.228267,0.235409,3.4e-05,0.004786,0.000341,,0,506,3,16,0.678571,0.018768,1
376,1,,17,20,37,22,27,49,6,0.318514,0.337688,0.001098,0.017767,0.017422,,0,506,3,16,0.171937,0.077576,1
354,1,,5,7,12,23,26,49,6,0.311471,0.324482,0.000272,0.003474,0.0064,,0,506,6,9,0.125,0.018773,1
299,1,,16,16,32,27,22,49,6,0.322962,0.338684,0.000754,0.010185,0.010587,,0,506,2,79,0.079167,0.057821,1
298,1,,14,12,26,27,22,49,7,0.299904,0.314481,0.002319,0.006532,0.004578,,0,506,2,57,0.071429,0.037947,1
284,1,,18,22,40,29,20,49,6,0.340018,0.360248,0.001238,0.029415,0.029177,,0,506,7,11,0.120553,0.145165,1
276,1,,7,6,13,30,19,49,6,0.321824,0.340673,0.000769,0.008847,0.008834,,0,506,14,90,0.190476,0.047611,1
228,1,,20,19,39,35,14,49,6,0.32958,0.348888,0.000188,0.036986,0.032538,,0,506,7,81,0.339827,0.18631,1
501,1,,6,7,13,16,34,50,6,0.297428,0.31229,0.000541,0.004612,0.004567,,0,506,2,2,0.107143,0.025453,1
487,1,,20,18,38,17,33,50,6,0.34872,0.370634,0.000421,0.042306,0.03822,,0,506,13,64,0.336842,0.21172,1
435,1,,11,14,25,19,31,50,7,0.30513,0.325289,0.000412,0.00836,0.012211,,0,506,12,83,0.117647,0.044506,1
427,1,,9,8,17,19,31,50,6,0.298851,0.313233,0.000529,0.009677,0.006749,,0,506,13,72,0.111111,0.045037,1
391,1,,14,14,28,21,29,50,6,0.326138,0.3467,9.5e-05,0.026289,0.026238,,0,506,15,50,0.295238,0.132596,1
390,1,,7,8,15,21,29,50,7,0.283327,0.296804,0.000106,0.005204,0.005459,,0,506,14,72,0.125,0.027719,1
377,1,,4,4,8,22,28,50,6,0.293859,0.312904,0.000765,0.00359,0.003649,,0,506,1,58,0.166667,0.020766,1
341,1,,15,16,31,24,26,50,6,0.304585,0.322213,0.00149,0.006985,0.007038,,0,506,2,17,0.095833,0.040389,1
318,1,,15,14,29,26,24,50,6,0.334793,0.354484,8.3e-05,0.039209,0.029608,,0,506,13,81,0.395425,0.193073,1
315,1,,18,19,37,26,24,50,6,0.331593,0.349702,0.00049,0.023128,0.026484,,0,506,13,53,0.169591,0.121615,1
275,1,,13,11,24,30,20,50,7,0.241244,0.251318,0.001539,0.001179,0.000383,,0,506,6,52,0.043956,0.009171,1
726,1,,2,4,6,11,40,51,7,0.255489,0.266369,0.000493,0.000215,0.001001,,0,506,6,17,0.166667,0.001859,1
349,1,,8,7,15,24,27,51,7,0.29483,0.309286,0.000337,0.009154,0.005577,,0,506,14,72,0.125,0.039691,1
312,1,,10,12,22,26,25,51,6,0.323911,0.34013,0.00045,0.011168,0.01396,,0,506,2,43,0.128788,0.059538,1
277,1,,23,25,48,30,21,51,6,0.337872,0.357063,0.001608,0.031169,0.029498,,0,506,14,64,0.182336,0.159728,1
416,1,,13,12,25,20,32,52,6,0.320722,0.341793,0.000481,0.015769,0.011136,,0,506,13,58,0.160256,0.076018,1
408,1,,21,21,42,20,32,52,6,0.32831,0.346144,0.002034,0.016827,0.016308,,0,506,6,74,0.088745,0.089782,1
409,1,,14,19,33,20,32,52,7,0.317408,0.334137,0.002246,0.00975,0.018747,,0,506,11,63,0.108187,0.055782,1
406,1,,17,17,34,20,32,52,6,0.30123,0.317098,0.001262,0.008215,0.006552,,0,506,6,102,0.068421,0.051192,1
404,1,,18,19,37,20,32,52,6,0.319192,0.336656,0.002435,0.007683,0.009923,,0,506,8,91,0.040936,0.04179,1
372,1,,11,11,22,22,30,52,7,0.315324,0.330992,0.000746,0.013932,0.013136,,0,506,13,72,0.189394,0.068079,1
322,1,,8,10,18,25,27,52,6,0.288209,0.30246,0.00052,0.002159,0.00184,,0,506,2,52,0.044444,0.008732,1
313,1,,10,10,20,26,26,52,6,0.300024,0.315199,0.000548,0.005457,0.005568,,0,506,6,103,0.066667,0.032161,1
305,1,,16,16,32,27,25,52,6,0.33836,0.360804,0.001077,0.022025,0.02246,,0,506,14,40,0.158333,0.119355,1
261,1,,4,2,6,32,20,52,7,0.236046,0.245413,0.0,0.000346,0.000164,,0,506,1,5,0.666667,0.002146,1
230,1,,14,8,22,35,17,52,7,0.264413,0.275962,0.000287,0.006899,0.001693,,0,506,3,16,0.328571,0.025153,1
222,1,,28,30,58,37,15,52,6,0.351996,0.375594,0.002534,0.031382,0.037208,,0,506,13,25,0.175403,0.153221,1
754,1,,14,13,27,11,42,53,6,0.317408,0.337012,0.000688,0.01641,0.015458,,0,506,13,78,0.2,0.085609,1
357,1,,14,12,26,23,30,53,7,0.295295,0.309237,0.001015,0.009707,0.004978,,0,506,14,17,0.027473,0.053481,1
351,1,,14,16,30,24,29,53,6,0.329929,0.353558,0.000818,0.018778,0.02084,,0,506,1,58,0.205882,0.091575,1
331,1,,16,17,33,25,28,53,6,0.33693,0.360769,0.000681,0.026801,0.027898,,0,506,1,22,0.254902,0.141586,1
336,1,,13,14,27,25,28,53,6,0.31663,0.337025,0.000166,0.016762,0.020634,,0,506,11,65,0.274725,0.085864,1
328,1,,22,21,43,25,28,53,6,0.308344,0.32272,0.002187,0.008544,0.00734,,0,506,2,17,0.057312,0.048362,1
320,1,,15,16,31,26,27,53,6,0.33888,0.359488,0.000731,0.030104,0.028587,,0,506,13,83,0.291667,0.140772,1
316,1,,10,15,25,26,27,53,6,0.323463,0.339534,0.001273,0.017572,0.019912,,0,506,14,63,0.166667,0.093032,1
308,1,,11,13,24,27,26,53,6,0.326792,0.344898,0.0003,0.017282,0.023588,,0,506,13,69,0.326923,0.080131,1
273,1,,9,9,18,30,23,53,7,0.273085,0.284096,0.002006,0.001735,0.001562,,0,506,6,89,0.0,0.008764,1
350,1,,16,22,38,24,30,54,6,0.331887,0.350102,0.001144,0.020431,0.026848,,0,506,7,50,0.108225,0.106629,1
326,1,,13,14,27,25,29,54,6,0.330016,0.346766,0.001616,0.015452,0.015809,,0,506,2,17,0.131868,0.080199,1
307,1,,7,7,14,27,27,54,6,0.294552,0.307855,0.000621,0.006707,0.004866,,0,506,3,90,0.190476,0.024693,1
346,1,,15,16,31,24,31,55,6,0.335693,0.357691,0.000506,0.020115,0.019301,,0,506,1,40,0.3125,0.104275,1
237,1,,21,21,42,33,22,55,6,0.336537,0.356152,0.001943,0.02157,0.021384,,0,506,8,45,0.090909,0.113776,1
389,1,,14,25,39,21,35,56,6,0.324247,0.340744,0.001334,0.007367,0.013508,,0,506,2,56,0.065,0.034059,1
295,1,,25,23,48,28,28,56,6,0.348428,0.370287,0.000943,0.050011,0.041784,,0,506,13,2,0.266154,0.252558,1
285,1,,14,14,28,29,27,56,6,0.293583,0.307788,0.001333,0.007447,0.005225,,0,506,1,5,0.090476,0.035572,1
240,1,,9,9,18,33,23,56,7,0.283756,0.297183,0.000623,0.003034,0.003215,,0,506,6,17,0.166667,0.018785,1
171,1,,18,8,26,44,12,56,7,0.307989,0.32174,0.000821,0.023415,0.009327,,0,506,3,57,0.143791,0.103147,1
309,1,,23,23,46,27,30,57,6,0.340946,0.364621,0.001734,0.028883,0.02588,,0,506,1,35,0.148551,0.150656,1
283,1,,9,10,19,29,28,57,7,0.26223,0.272681,0.001575,0.000598,0.001353,,0,506,14,72,0.077778,0.005336,1
274,1,,14,11,25,30,27,57,6,0.325826,0.344195,0.000889,0.020781,0.013439,,0,506,2,96,0.208791,0.109787,1
259,1,,24,25,49,32,25,57,6,0.349338,0.373468,0.001207,0.032344,0.033313,,0,506,1,28,0.145,0.16728,1
150,1,,37,47,84,50,7,57,6,0.353491,0.37724,0.00671,0.031974,0.041291,,0,506,14,79,0.070153,0.170244,1
134,1,,18,11,29,57,0,57,7,0.292164,0.304624,0.001427,0.011923,0.005988,,0,506,8,88,0.057895,0.064561,1
249,1,,28,34,62,32,26,58,6,0.355672,0.380224,0.002469,0.033723,0.04203,,0,506,1,56,0.133613,0.175414,1
257,1,,14,11,25,32,26,58,6,0.311575,0.325985,0.000789,0.011983,0.010055,,0,506,7,93,0.1,0.066556,1
364,1,,4,6,10,23,36,59,7,0.237573,0.244926,0.00014,0.000285,0.000504,,0,506,3,16,0.366667,0.001533,1
323,1,,14,13,27,25,34,59,6,0.302959,0.319091,0.001234,0.007064,0.005714,,0,506,6,103,0.054945,0.0387,1
303,1,,13,12,25,27,32,59,7,0.267318,0.2799,0.001996,0.002267,0.001106,,0,506,6,89,0.019231,0.012788,1
241,1,,24,20,44,33,26,59,6,0.323967,0.341335,0.001523,0.025125,0.021036,,0,506,15,31,0.105072,0.129415,1
260,1,,26,30,56,32,28,60,6,0.341506,0.36471,0.003808,0.020535,0.025384,,0,506,1,48,0.076344,0.113943,1
225,1,,18,19,37,36,24,60,6,0.317758,0.333267,0.002517,0.014375,0.010591,,0,506,1,26,0.057895,0.072375,1
214,1,,23,21,44,38,22,60,6,0.33363,0.357637,0.001562,0.02769,0.023553,,0,506,7,61,0.101449,0.14698,1
290,1,,23,23,46,29,32,61,6,0.343667,0.367218,0.000781,0.033196,0.033079,,0,506,15,27,0.247036,0.173558,1
356,1,,13,15,28,23,39,62,6,0.326935,0.346628,0.000768,0.012195,0.013791,,0,506,2,91,0.095833,0.061361,1
306,1,,13,17,30,27,35,62,6,0.338972,0.359875,0.000153,0.029259,0.035063,,0,506,8,32,0.320261,0.145277,1
251,1,,16,14,30,32,30,62,6,0.298138,0.314394,0.001042,0.011659,0.006357,,0,506,8,9,0.116667,0.063668,1
229,1,,16,16,32,35,27,62,6,0.305977,0.322703,0.000168,0.01826,0.013811,,0,506,15,15,0.143791,0.094143,1
226,1,,32,34,66,36,26,62,6,0.324669,0.343239,0.00485,0.012998,0.012634,,0,506,2,79,0.037302,0.071517,1
325,1,,5,7,12,25,38,63,7,0.268064,0.279022,0.000612,0.001115,0.001071,,0,506,11,88,0.089286,0.005774,1
314,1,,18,14,32,26,37,63,7,0.302788,0.317559,0.001783,0.012393,0.00534,,0,506,6,72,0.076023,0.06068,1
319,1,,16,16,32,26,37,63,6,0.325148,0.342848,0.000311,0.026973,0.026864,,0,506,14,80,0.199346,0.135315,1
291,1,,13,13,26,29,34,63,6,0.333274,0.357219,0.000535,0.027119,0.025465,,0,506,13,41,0.397436,0.132615,1
242,1,,18,14,32,33,30,63,6,0.340265,0.35947,0.000322,0.041203,0.030713,,0,506,13,85,0.323684,0.205145,1
248,1,,15,14,29,33,30,63,7,0.318352,0.33479,0.001062,0.017486,0.017444,,0,506,13,65,0.166667,0.091145,1
127,1,,23,1,24,59,4,63,1,1.0,1.0,0.000228,0.003457,0.0,,0,51,12,74,0.086957,0.022821,1
334,1,,8,8,16,25,39,64,6,0.305578,0.318779,4.3e-05,0.007888,0.007787,,0,506,8,49,0.160714,0.041405,1
174,1,,28,35,63,44,20,64,6,0.366885,0.393582,0.001633,0.05775,0.060627,,0,506,13,59,0.233333,0.300738,1
302,1,,11,10,21,27,38,65,6,0.302251,0.317321,0.0007,0.01139,0.005851,,0,506,8,49,0.057143,0.051888,1
293,1,,13,18,31,28,37,65,6,0.317112,0.331874,0.000295,0.004078,0.010589,,0,506,8,56,0.134211,0.023745,1
287,1,,17,19,36,29,36,65,6,0.334464,0.356539,0.000254,0.034073,0.035482,,0,506,13,61,0.278571,0.178552,1
280,1,,21,22,43,30,35,65,6,0.334733,0.353896,0.000347,0.034007,0.035422,,0,506,13,56,0.24026,0.169468,1
250,1,,15,15,30,32,33,65,6,0.350252,0.372284,0.001167,0.02854,0.026145,,0,506,8,57,0.2625,0.150249,1
262,1,,15,13,28,32,33,65,7,0.320202,0.337753,0.00021,0.022415,0.019659,,0,506,13,30,0.3,0.116911,1
236,1,,17,18,35,33,32,65,6,0.319983,0.336291,0.001864,0.01008,0.010322,,0,506,2,9,0.065789,0.054626,1
233,1,,16,12,28,34,31,65,7,0.290713,0.306074,5e-05,0.010095,0.007767,,0,506,3,16,0.513072,0.043807,1
217,1,,29,27,56,37,28,65,6,0.319901,0.336118,0.002846,0.015003,0.011132,,0,506,2,102,0.063218,0.08252,1
220,1,,12,9,21,37,28,65,7,0.287876,0.301142,0.000204,0.005341,0.003066,,0,506,1,4,0.044872,0.020939,1
296,1,,19,19,38,28,38,66,6,0.350482,0.37405,0.000785,0.03281,0.031606,,0,506,1,41,0.219298,0.167126,1
209,1,,19,15,34,38,28,66,6,0.320805,0.337928,0.001389,0.014112,0.011984,,0,506,11,88,0.078571,0.074877,1
198,1,,18,22,40,40,26,66,6,0.338819,0.35806,0.001383,0.026113,0.031111,,0,506,14,72,0.162338,0.131391,1
353,1,,17,18,35,23,44,67,6,0.322239,0.338707,0.001182,0.014089,0.01318,,0,506,8,45,0.084416,0.077619,1
348,1,,13,18,31,24,43,67,6,0.334404,0.352949,0.000727,0.017016,0.028416,,0,506,11,90,0.215686,0.089015,1
282,1,,9,7,16,29,38,67,7,0.222546,0.229167,0.0006,0.000305,0.000119,,0,506,6,89,0.009091,0.001354,1
238,1,,17,17,34,33,34,67,6,0.322962,0.339641,0.001514,0.017781,0.017811,,0,506,8,65,0.150735,0.092174,1
243,1,,5,7,12,33,34,67,7,0.275819,0.287798,5.4e-05,0.001336,0.001541,,0,506,1,4,0.047619,0.007906,1
235,1,,12,11,23,33,34,67,7,0.304214,0.318088,0.000266,0.008277,0.008267,,0,506,8,56,0.066667,0.041275,1
231,1,,15,13,28,34,33,67,6,0.33696,0.35782,0.001299,0.017411,0.015754,,0,506,2,48,0.128571,0.092426,1
210,1,,12,12,24,38,29,67,6,0.310413,0.32361,0.000658,0.008166,0.007641,,0,506,14,9,0.075758,0.042001,1
141,1,,29,31,60,53,14,67,6,0.316336,0.335491,0.001739,0.025993,0.028074,,0,506,13,34,0.155303,0.119369,1
281,1,,23,29,52,30,38,68,6,0.320942,0.33888,0.001039,0.011544,0.016794,,0,506,3,16,0.201991,0.045545,1
138,1,,22,5,27,54,14,68,7,0.272569,0.285026,0.001162,0.011931,0.00212,,0,506,13,77,0.06917,0.064245,1
43,1,,78,98,176,123,-55,68,6,0.372799,0.40387,0.008733,0.10369,0.102094,,0,506,13,8,0.085627,0.50296,1
344,1,,9,8,17,24,45,69,7,0.2877,0.300247,0.000663,0.003328,0.003166,,0,506,6,17,0.013889,0.019068,1
271,1,,5,6,11,30,39,69,6,0.310542,0.322969,1.2e-05,0.01045,0.008378,,0,506,8,56,0.547619,0.057499,1
256,1,,30,30,60,32,37,69,6,0.344805,0.368037,0.003612,0.028685,0.02463,,0,506,1,63,0.111895,0.152721,1
253,1,,19,20,39,32,37,69,6,0.330803,0.349791,0.001387,0.025121,0.024132,,0,506,13,50,0.113158,0.125781,1
189,1,,16,13,29,41,29,70,6,0.316363,0.3307,0.000652,0.021263,0.0126,,0,506,8,53,0.195833,0.10045,1
182,1,,25,26,51,42,28,70,6,0.318325,0.334485,0.000982,0.009201,0.011722,,0,506,2,66,0.06,0.054776,1
139,1,,24,24,48,53,17,70,6,0.318108,0.336309,0.004404,0.013147,0.010459,,0,506,2,17,0.049858,0.073872,1
525,1,,6,6,12,16,55,71,7,0.291709,0.306868,0.000667,0.005537,0.005809,,0,506,13,93,0.066667,0.030037,1
292,1,,21,21,42,29,42,71,6,0.325543,0.344396,0.000528,0.026321,0.02777,,0,506,13,35,0.269928,0.126648,1
258,1,,24,29,53,32,39,71,6,0.349827,0.374718,0.002057,0.026339,0.03118,,0,506,12,24,0.127957,0.138032,1
234,1,,12,10,22,33,38,71,6,0.291414,0.305204,0.000222,0.013372,0.005214,,0,506,8,68,0.233333,0.073395,1
223,1,,17,19,36,36,35,71,6,0.338391,0.360533,0.001288,0.016877,0.018179,,0,506,2,71,0.155263,0.097759,1
227,1,,15,20,35,36,35,71,6,0.339556,0.361516,0.000413,0.025564,0.033502,,0,506,13,28,0.273684,0.13097,1
216,1,,18,19,37,37,34,71,6,0.337781,0.356192,0.002549,0.02073,0.026748,,0,506,8,45,0.142857,0.107966,1
201,1,,16,14,30,39,32,71,6,0.3288,0.346295,0.000465,0.021538,0.021289,,0,506,14,33,0.158333,0.1132,1
157,1,,23,24,47,49,22,71,6,0.333422,0.353848,0.001383,0.025004,0.029218,,0,506,8,49,0.122507,0.128411,1
224,1,,20,20,40,36,36,72,6,0.303745,0.32067,0.004311,0.006539,0.007358,,0,506,6,26,0.044737,0.041391,1
221,1,,8,7,15,37,35,72,6,0.29262,0.306699,0.001418,0.007972,0.004669,,0,506,14,90,0.089286,0.039257,1
170,1,,19,23,42,44,28,72,6,0.3313,0.349431,0.002142,0.016027,0.025,,0,506,11,100,0.071146,0.080964,1
267,1,,11,13,24,31,42,73,7,0.319057,0.33419,0.000188,0.012741,0.015377,,0,506,11,93,0.231618,0.068283,1
239,1,,18,19,37,33,40,73,7,0.247867,0.257955,0.006565,0.000393,0.000814,,0,506,97,70,0.023392,0.004691,1
218,1,,12,13,25,37,36,73,6,0.274325,0.28654,0.001368,0.002306,0.002675,,0,506,1,5,0.065934,0.009276,1
208,1,,15,15,30,39,34,73,6,0.31575,0.334303,8.5e-05,0.019667,0.020896,,0,506,13,41,0.2,0.107432,1
264,1,,18,20,38,31,43,74,6,0.349468,0.371275,0.0014,0.022,0.025188,,0,506,7,64,0.161905,0.120736,1
219,1,,25,25,50,37,37,74,6,0.339433,0.359754,0.001188,0.034551,0.034841,,0,506,13,45,0.14532,0.186091,1
202,1,,25,25,50,39,35,74,6,0.310851,0.330202,0.003384,0.010419,0.010006,,0,506,6,17,0.037037,0.060515,1
195,1,,11,9,20,40,34,74,7,0.267643,0.279455,0.000808,0.001327,0.001383,,0,506,6,52,0.127273,0.009554,1
255,1,,34,35,69,32,43,75,6,0.356348,0.3801,0.003646,0.042981,0.040718,,0,506,14,34,0.120635,0.223882,1
187,1,,15,16,31,41,34,75,6,0.330219,0.347291,0.000499,0.018157,0.023112,,0,506,2,49,0.119883,0.102266,1
180,1,,11,10,21,43,32,75,7,0.293238,0.307675,0.000224,0.001817,0.004179,,0,506,3,16,0.340659,0.005951,1
374,1,,12,11,23,22,54,76,6,0.307232,0.321493,0.00214,0.009036,0.00752,,0,506,3,16,0.209524,0.037042,1
304,1,,16,23,39,27,49,76,6,0.345028,0.368277,0.00111,0.019228,0.024358,,0,506,11,88,0.184615,0.091141,1
266,1,,18,19,37,31,45,76,6,0.341412,0.363233,0.000176,0.039581,0.040124,,0,506,14,41,0.397661,0.199786,1
213,1,,6,6,12,38,38,76,7,0.252953,0.26274,2.5e-05,0.000502,0.000611,,0,506,1,5,0.266667,0.003365,1
215,1,,15,13,28,37,40,77,6,0.303303,0.319011,0.000431,0.006076,0.005077,,0,506,2,17,0.071429,0.033252,1
199,1,,27,33,60,40,37,77,6,0.335632,0.356645,0.00199,0.026924,0.028435,,0,506,13,93,0.060729,0.140154,1
265,1,,13,13,26,31,47,78,6,0.338727,0.358989,0.000313,0.026552,0.025031,,0,506,7,40,0.371795,0.134131,1
232,1,,14,14,28,34,44,78,7,0.302348,0.317221,0.000321,0.009795,0.010295,,0,506,2,96,0.058333,0.053507,1
207,1,,19,20,39,39,39,78,6,0.33221,0.352593,0.000124,0.037847,0.039014,,0,506,13,33,0.407895,0.192853,1
194,1,,18,16,34,40,38,78,6,0.329465,0.351926,0.003346,0.011214,0.009358,,0,506,1,4,0.071895,0.053188,1
183,1,,22,23,45,42,36,78,6,0.309133,0.324549,0.002117,0.011704,0.006018,,0,506,2,3,0.065,0.062484,1
162,1,,25,21,46,46,32,78,6,0.320311,0.337216,0.001591,0.030725,0.021451,,0,506,7,0,0.15,0.156917,1
211,1,,28,31,59,38,42,80,6,0.344014,0.364465,0.001215,0.044072,0.045089,,0,506,14,84,0.246881,0.228276,1
203,1,,26,28,54,39,42,81,6,0.349078,0.37232,0.000658,0.048519,0.054377,,0,506,15,80,0.264778,0.249329,1
173,1,,32,43,75,44,37,81,6,0.351172,0.375011,0.002413,0.041154,0.061225,,0,506,13,33,0.190338,0.193604,1
166,1,,48,56,104,45,36,81,6,0.360844,0.385935,0.00603,0.056647,0.060435,,0,506,2,42,0.109322,0.278419,1
191,1,,22,26,48,41,41,82,6,0.340822,0.362575,0.000836,0.039186,0.044028,,0,506,13,31,0.276353,0.183082,1
247,1,,18,17,35,33,50,83,6,0.327277,0.34923,0.00183,0.022257,0.018745,,0,506,15,30,0.212418,0.120411,1
53,1,,38,38,76,113,-30,83,6,0.340977,0.364563,0.00202,0.044831,0.044356,,0,506,2,80,0.115762,0.218004,1
244,1,,35,30,65,33,51,84,6,0.341133,0.36346,0.001904,0.042578,0.040083,,0,506,7,69,0.141026,0.215503,1
193,1,,19,23,42,40,44,84,6,0.338391,0.358322,0.001173,0.026426,0.029343,,0,506,11,19,0.109231,0.140928,1
181,1,,22,26,48,42,42,84,6,0.327678,0.345476,0.003229,0.011198,0.016422,,0,506,8,91,0.076923,0.06293,1
186,1,,9,12,21,42,42,84,7,0.287148,0.301857,0.000735,0.00458,0.004092,,0,506,3,16,0.397436,0.018613,1
254,1,,12,22,34,32,53,85,7,0.300771,0.315539,0.001397,0.001364,0.004783,,0,506,6,52,0.064935,0.008509,1
167,1,,24,27,51,44,41,85,6,0.31374,0.332604,0.001865,0.008778,0.010256,,0,506,2,17,0.042328,0.052373,1
165,1,,18,17,35,45,40,85,6,0.339525,0.35967,0.000426,0.026755,0.030005,,0,506,13,25,0.21558,0.125887,1
143,1,,24,25,49,52,34,86,6,0.312667,0.330335,0.002566,0.01714,0.018649,,0,506,14,50,0.053846,0.088274,1
212,1,,19,17,36,38,49,87,6,0.317193,0.332008,0.002637,0.011425,0.012618,,0,506,11,79,0.095238,0.058294,1
204,1,,20,18,38,39,48,87,6,0.327908,0.348056,0.000492,0.024403,0.020685,,0,506,7,90,0.138095,0.125757,1
153,1,,30,27,57,49,38,87,6,0.326764,0.3446,0.004304,0.019095,0.018301,,0,506,2,34,0.033333,0.103893,1
160,1,,9,10,19,47,41,88,6,0.308547,0.329335,0.000829,0.006106,0.006392,,0,506,1,4,0.2,0.036415,1
205,1,,27,30,57,39,50,89,6,0.342567,0.364607,0.001153,0.040592,0.043364,,0,506,14,69,0.154234,0.194571,1
175,1,,27,27,54,43,46,89,6,0.347782,0.37063,0.002273,0.024303,0.025213,,0,506,2,85,0.126781,0.137739,1
192,1,,18,27,45,41,49,90,7,0.308015,0.326539,0.000373,0.010734,0.015217,,0,506,3,16,0.282759,0.050067,1
140,1,,32,33,65,53,37,90,6,0.346175,0.366151,0.004955,0.036583,0.033825,,0,506,8,85,0.130125,0.185769,1
172,1,,30,32,62,44,48,92,6,0.343509,0.367071,0.001034,0.042639,0.04956,,0,506,13,79,0.197917,0.213563,1
155,1,,37,39,76,49,43,92,6,0.357197,0.381946,0.00409,0.038175,0.039351,,0,506,8,54,0.072561,0.203692,1
246,1,,11,18,29,33,60,93,6,0.317273,0.33594,0.000923,0.014078,0.015846,,0,506,3,90,0.192982,0.055174,1
178,1,,30,30,60,43,50,93,6,0.341817,0.366782,0.006589,0.017618,0.018504,,0,506,12,74,0.075758,0.102931,1
163,1,,31,30,61,46,47,93,6,0.334942,0.356716,0.000845,0.037744,0.038922,,0,506,13,25,0.186275,0.191127,1
137,1,,28,30,58,55,38,93,6,0.33931,0.358967,0.00378,0.03092,0.031988,,0,506,11,26,0.108902,0.158227,1
83,1,,47,42,89,80,13,93,6,0.349697,0.372725,0.001703,0.062091,0.062125,,0,506,14,64,0.145928,0.327194,1
279,1,,17,23,40,30,64,94,6,0.321245,0.341518,0.00123,0.019114,0.018915,,0,506,3,16,0.224868,0.095997,1
95,1,,101,122,223,74,20,94,6,0.391782,0.425687,0.017242,0.119136,0.127858,,0,506,13,69,0.090112,0.604341,1
288,1,,36,34,70,29,67,96,6,0.339279,0.362913,0.002204,0.048181,0.041073,,0,506,14,56,0.165007,0.227116,1
164,1,,28,21,49,46,50,96,6,0.33693,0.356957,0.001744,0.03187,0.027671,,0,506,3,16,0.198864,0.139591,1
154,1,,44,51,95,49,47,96,6,0.383678,0.410907,0.010442,0.068112,0.077906,,0,506,13,87,0.162554,0.348753,1
126,1,,25,36,61,59,37,96,6,0.341412,0.36495,0.002722,0.019207,0.023493,,0,506,3,16,0.135105,0.092503,1
125,1,,64,68,132,60,36,96,6,0.347041,0.373339,0.005076,0.068935,0.065949,,0,506,3,30,0.115219,0.337538,1
149,1,,31,30,61,50,47,97,6,0.325713,0.343679,0.002473,0.013307,0.013072,,0,506,2,54,0.040107,0.072559,1
94,1,,18,24,42,75,24,99,7,0.303401,0.32093,0.000113,0.015328,0.013045,,0,506,3,16,0.333333,0.067251,1
161,1,,35,36,71,47,54,101,6,0.347556,0.372667,0.001872,0.02869,0.03557,,0,506,1,29,0.085586,0.162436,1
123,1,,33,36,69,61,40,101,6,0.367101,0.393937,0.002314,0.060719,0.058509,,0,506,13,61,0.20045,0.309389,1
146,1,,35,35,70,51,51,102,6,0.358393,0.38461,0.006332,0.038539,0.039671,,0,506,14,40,0.084874,0.209458,1
147,1,,11,9,20,51,51,102,6,0.2849,0.296286,0.00112,0.006384,0.002871,,0,506,2,43,0.070513,0.036123,1
151,1,,20,20,40,50,55,105,6,0.308827,0.331096,0.003974,0.006425,0.006374,,0,506,1,5,0.063158,0.036526,1
136,1,,33,37,70,56,50,106,6,0.352493,0.375758,0.001794,0.050004,0.055833,,0,506,13,34,0.188438,0.256477,1
128,1,,33,36,69,59,47,106,6,0.326451,0.345988,0.002606,0.031476,0.030271,,0,506,13,31,0.088589,0.162619,1
197,1,,33,35,68,40,68,108,6,0.352327,0.3772,0.001134,0.056472,0.05729,,0,506,11,29,0.190476,0.28646,1
190,1,,27,46,73,41,67,108,6,0.36154,0.387981,0.001979,0.047215,0.067002,,0,506,2,41,0.158649,0.25408,1
135,1,,28,32,60,56,52,108,6,0.346207,0.368842,0.001912,0.041665,0.044658,,0,506,11,55,0.14678,0.217254,1
88,1,,38,56,94,76,32,108,6,0.371874,0.398434,0.005661,0.056935,0.081322,,0,506,13,33,0.164231,0.276266,1
87,1,,54,59,113,77,31,108,6,0.365418,0.393871,0.006282,0.054666,0.05592,,0,506,3,31,0.090869,0.270021,1
85,1,,75,97,172,78,30,108,6,0.377493,0.408994,0.007063,0.096716,0.116371,,0,506,8,7,0.108231,0.476622,1
68,1,,35,44,79,93,15,108,6,0.340636,0.367049,0.008983,0.019048,0.024628,,0,506,12,74,0.061616,0.105342,1
148,1,,30,29,59,50,59,109,6,0.329813,0.348092,0.001749,0.020545,0.018483,,0,506,2,71,0.11996,0.110966,1
130,1,,44,44,88,58,52,110,6,0.325939,0.345641,0.006005,0.019205,0.018228,,0,506,14,66,0.038435,0.104901,1
105,1,,40,41,81,70,42,112,6,0.33888,0.360786,0.002009,0.046552,0.04501,,0,506,13,87,0.135266,0.237285,1
101,1,,26,16,42,71,41,112,6,0.30842,0.323259,0.000922,0.018944,0.009231,,0,506,2,103,0.048942,0.102708,1
158,1,,23,23,46,49,64,113,6,0.337355,0.362459,0.001042,0.033966,0.033544,,0,506,13,31,0.266798,0.174483,1
156,1,,39,48,87,49,66,115,6,0.373319,0.400151,0.004449,0.056947,0.060972,,0,506,11,83,0.113946,0.294,1
93,1,,39,45,84,75,40,115,6,0.347041,0.371555,0.003307,0.055282,0.052634,,0,506,13,28,0.158245,0.275533,1
99,1,,35,33,68,72,44,116,6,0.336174,0.356036,0.003918,0.026451,0.022976,,0,506,2,79,0.067553,0.14953,1
80,1,,34,27,61,82,34,116,7,0.309005,0.325783,0.002702,0.023548,0.012143,,0,506,7,41,0.066026,0.116379,1
132,1,,28,31,59,57,60,117,6,0.326025,0.343675,0.002375,0.016411,0.01995,,0,506,2,102,0.0625,0.091111,1
122,1,,32,35,67,61,56,117,6,0.350876,0.374691,0.001888,0.051082,0.050555,,0,506,14,0,0.188889,0.265731,1
144,1,,17,21,38,52,66,118,7,0.284338,0.297979,0.00193,0.003317,0.004392,,0,506,14,72,0.064286,0.017313,1
185,1,,36,31,67,42,77,119,6,0.34525,0.366084,0.001085,0.05598,0.04752,,0,506,14,75,0.171312,0.268826,1
176,1,,28,23,51,43,76,119,7,0.309465,0.327082,0.002105,0.02193,0.014721,,0,506,11,88,0.120168,0.110607,1
142,1,,46,45,91,52,70,122,6,0.368981,0.396495,0.004792,0.063194,0.062508,,0,506,13,86,0.129972,0.332508,1
117,1,,54,56,110,64,58,122,6,0.365347,0.392372,0.008922,0.045586,0.04251,,0,506,1,83,0.074108,0.244683,1
86,1,,29,40,69,78,44,122,7,0.31251,0.332882,0.001798,0.016807,0.0191,,0,506,3,16,0.150709,0.07552,1
121,1,,32,34,66,61,63,124,6,0.347879,0.371688,0.007107,0.014636,0.018578,,0,506,11,70,0.053175,0.081392,1
116,1,,47,48,95,65,59,124,6,0.352758,0.379526,0.003929,0.057702,0.055566,,0,506,13,10,0.139592,0.298968,1
96,1,,43,47,90,74,50,124,6,0.36492,0.392083,0.006273,0.04257,0.048738,,0,506,3,16,0.114955,0.199134,1
169,1,,21,24,45,44,81,125,6,0.309797,0.325665,0.001863,0.00677,0.007339,,0,506,6,17,0.038333,0.039966,1
133,1,,37,38,75,57,68,125,6,0.356314,0.380131,0.002238,0.056796,0.052281,,0,506,14,80,0.19546,0.294885,1
115,1,,44,44,88,66,60,126,6,0.351699,0.378872,0.003879,0.043049,0.043396,,0,506,13,22,0.089323,0.228129,1
118,1,,36,38,74,63,64,127,6,0.346848,0.37256,0.001471,0.050096,0.045853,,0,506,13,59,0.224022,0.246393,1
798,1,,81,73,154,10,119,129,6,0.347782,0.37329,0.012487,0.058655,0.052487,,0,506,7,86,0.051719,0.314156,1
108,1,,32,34,66,68,61,129,6,0.335662,0.35504,0.004174,0.023444,0.027788,,0,506,2,11,0.073574,0.128848,1
100,1,,30,31,61,72,57,129,6,0.357368,0.381496,0.003772,0.044786,0.051505,,0,506,14,63,0.17803,0.24588,1
82,1,,44,41,85,82,47,129,6,0.335272,0.357628,0.002775,0.051026,0.044528,,0,506,13,15,0.172727,0.240234,1
152,1,,26,32,58,49,81,130,6,0.347459,0.370541,0.001848,0.021219,0.027253,,0,506,8,75,0.113191,0.115454,1
120,1,,26,27,53,62,69,131,6,0.31647,0.338342,0.000831,0.032603,0.027092,,0,506,13,25,0.181034,0.155399,1
114,1,,37,49,86,66,66,132,6,0.32665,0.34778,0.003703,0.020006,0.023399,,0,506,3,16,0.112147,0.085951,1
76,1,,30,31,61,84,48,132,6,0.337051,0.359688,0.008759,0.016232,0.015727,,0,506,6,12,0.056818,0.090809,1
131,1,,32,36,68,57,76,133,6,0.34107,0.361231,0.003032,0.026263,0.03252,,0,506,2,85,0.088095,0.143809,1
106,1,,48,50,98,69,64,133,6,0.355604,0.378721,0.005012,0.041241,0.043626,,0,506,2,97,0.065882,0.209415,1
102,1,,34,34,68,71,62,133,6,0.326564,0.346086,0.005869,0.021289,0.023346,,0,506,15,12,0.027778,0.118539,1
73,1,,54,60,114,85,48,133,6,0.354159,0.378734,0.002989,0.069141,0.070624,,0,506,13,81,0.122686,0.332269,1
60,1,,28,22,50,98,35,133,6,0.329031,0.346958,0.002765,0.019881,0.018821,,0,506,11,78,0.107863,0.109116,1
159,1,,24,30,54,47,87,134,6,0.353724,0.375567,0.001749,0.037817,0.046626,,0,506,11,0,0.268908,0.185018,1
74,1,,24,17,41,84,51,135,6,0.318379,0.334414,0.003167,0.017986,0.009326,,0,506,2,9,0.075385,0.097561,1
89,1,,49,46,95,76,60,136,6,0.352725,0.377119,0.007775,0.036681,0.034336,,0,506,6,102,0.06184,0.20049,1
110,1,,31,31,62,68,69,137,6,0.337173,0.358634,0.002396,0.03531,0.035728,,0,506,14,59,0.109524,0.176119,1
104,1,,38,52,90,70,67,137,6,0.332269,0.356107,0.003158,0.022423,0.032243,,0,506,3,16,0.10119,0.097029,1
112,1,,21,24,45,67,71,138,6,0.349273,0.375024,0.001508,0.02958,0.034052,,0,506,13,10,0.226449,0.154278,1
119,1,,25,20,45,62,77,139,6,0.323687,0.340143,0.001979,0.015542,0.011118,,0,506,8,56,0.089231,0.076506,1
109,1,,41,43,84,68,71,139,6,0.335002,0.355547,0.004777,0.021642,0.021613,,0,506,2,71,0.063131,0.124256,1
41,1,,71,0,71,139,0,139,0,0.0,0.0,0.0,0.085086,0.0,,0,27,14,101,0.116499,0.413822,1
70,1,,51,57,108,88,52,140,6,0.367173,0.393497,0.004512,0.070917,0.07607,,0,506,3,82,0.171537,0.36693,1
65,1,,54,56,110,93,47,140,6,0.363469,0.388818,0.009381,0.053205,0.056167,,0,506,11,85,0.094952,0.288752,1
81,1,,39,39,78,82,62,144,6,0.330686,0.353438,0.002611,0.036919,0.0346,,0,506,15,30,0.114634,0.185927,1
63,1,,38,40,78,94,50,144,6,0.356111,0.380923,0.005118,0.03943,0.048611,,0,506,11,65,0.114983,0.215817,1
64,1,,44,37,81,94,51,145,6,0.316043,0.335686,0.002778,0.028869,0.018835,,0,506,3,16,0.109585,0.12636,1
91,1,,24,24,48,75,72,147,6,0.331007,0.349426,0.002678,0.015516,0.015139,,0,506,8,68,0.12,0.082597,1
107,1,,32,31,63,69,79,148,6,0.341568,0.364007,0.001535,0.045226,0.040843,,0,506,11,78,0.134581,0.235617,1
98,1,,34,37,71,73,75,148,6,0.333838,0.356321,0.002022,0.033701,0.030689,,0,506,3,16,0.184939,0.164957,1
103,1,,43,42,85,71,79,150,6,0.355469,0.379664,0.002255,0.064493,0.058445,,0,506,13,35,0.175253,0.312628,1
71,1,,22,21,43,88,67,155,6,0.330657,0.352967,0.00344,0.012746,0.012805,,0,506,1,70,0.038961,0.069676,1
113,1,,40,38,78,66,92,158,6,0.369891,0.396339,0.003449,0.058553,0.050779,,0,506,8,87,0.124898,0.299957,1
79,1,,67,69,136,82,77,159,6,0.344393,0.367863,0.016742,0.024998,0.032624,,0,506,8,58,0.030051,0.138038,1
72,1,,46,45,91,85,74,159,6,0.361749,0.38763,0.007817,0.041139,0.040243,,0,506,13,11,0.06117,0.220992,1
30,1,,90,125,215,170,-11,159,6,0.392069,0.425967,0.013227,0.085508,0.125711,,0,506,13,55,0.075611,0.436346,1
77,1,,46,47,93,83,79,162,6,0.359114,0.382457,0.003771,0.052243,0.053733,,0,506,2,29,0.136525,0.281312,1
92,1,,49,51,100,75,88,163,6,0.347556,0.37268,0.003609,0.059951,0.053055,,0,506,15,35,0.114141,0.299719,1
78,1,,55,53,108,82,81,163,6,0.337112,0.358425,0.005327,0.043834,0.039432,,0,506,14,48,0.059259,0.230688,1
61,1,,42,43,85,98,67,165,6,0.31298,0.333138,0.009262,0.010377,0.010549,,0,506,12,74,0.028912,0.052769,1
84,1,,49,45,94,78,88,166,6,0.324135,0.344889,0.004778,0.01734,0.015087,,0,506,6,96,0.045714,0.102004,1
66,1,,42,40,82,93,74,167,6,0.349045,0.371595,0.003494,0.053413,0.050861,,0,506,14,103,0.151249,0.272242,1
69,1,,69,69,138,92,76,168,6,0.341724,0.365635,0.008042,0.044345,0.044143,,0,506,1,98,0.043317,0.235906,1
55,1,,34,27,61,110,58,168,6,0.314636,0.330531,0.004764,0.022694,0.011941,,0,506,14,72,0.054878,0.107649,1
75,1,,53,54,107,84,85,169,6,0.394048,0.421604,0.011195,0.070834,0.071123,,0,506,15,82,0.124738,0.366992,1
35,1,,82,27,109,160,10,170,6,0.34163,0.365341,0.006805,0.056499,0.024202,,0,506,3,16,0.068323,0.266224,1
45,1,,65,74,139,121,50,171,6,0.355031,0.381078,0.01097,0.04237,0.047056,,0,506,2,21,0.046673,0.233345,1
90,1,,53,53,106,76,96,172,6,0.376924,0.403634,0.007193,0.070867,0.068471,,0,506,14,101,0.142208,0.371707,1
59,1,,35,31,66,99,73,172,6,0.327564,0.347122,0.00138,0.036717,0.028705,,0,506,13,39,0.138691,0.176886,1
62,1,,42,43,85,96,78,174,6,0.355132,0.379339,0.001573,0.05705,0.061633,,0,506,15,7,0.175975,0.291997,1
47,1,,44,45,89,120,61,181,6,0.369964,0.394471,0.002015,0.086026,0.077716,,0,506,14,29,0.266122,0.435414,1
50,1,,59,45,104,114,75,189,6,0.332889,0.352491,0.008794,0.024305,0.019119,,0,506,2,66,0.027778,0.138625,1
51,1,,70,77,147,114,79,193,6,0.371874,0.40052,0.007716,0.08855,0.08842,,0,506,11,84,0.114146,0.456661,1
58,1,,79,131,210,102,95,197,5,0.392028,0.427431,0.014843,0.057569,0.128515,,0,506,13,8,0.081795,0.292158,1
56,1,,33,34,67,106,95,201,6,0.337021,0.358518,0.002904,0.03894,0.038806,,0,506,2,43,0.168449,0.201742,1
46,1,,50,53,103,121,80,201,7,0.305503,0.328243,0.007535,0.010989,0.0106,,0,506,12,74,0.038604,0.062517,1
97,1,,41,45,86,73,129,202,6,0.364778,0.38977,0.007317,0.053162,0.060107,,0,506,11,87,0.114246,0.278191,1
52,1,,57,62,119,113,89,202,6,0.355503,0.382591,0.004513,0.057731,0.064379,,0,506,7,98,0.101438,0.303699,1
67,1,,61,62,123,93,119,212,6,0.382503,0.410622,0.00762,0.075643,0.075121,,0,506,13,32,0.102919,0.386457,1
49,1,,59,65,124,117,96,213,6,0.353758,0.380847,0.003306,0.065688,0.07444,,0,506,13,46,0.124012,0.338801,1
124,1,,56,55,111,60,161,221,6,0.36909,0.397198,0.004874,0.068038,0.067047,,0,506,7,7,0.146995,0.34571,1
57,1,,55,58,113,103,127,230,6,0.349795,0.376902,0.014291,0.020995,0.02209,,0,506,1,4,0.034699,0.115883,1
54,1,,38,41,79,112,120,232,6,0.34163,0.363264,0.003073,0.024947,0.029095,,0,506,8,94,0.106383,0.142318,1
48,1,,59,62,121,117,119,236,6,0.34762,0.371417,0.008578,0.036859,0.039374,,0,506,14,103,0.050691,0.197064,1
39,1,,53,53,106,142,105,247,6,0.354863,0.378556,0.007765,0.048395,0.052611,,0,506,2,96,0.10312,0.256796,1
8,1,,134,259,393,345,-96,249,5,0.390842,0.436216,0.03604,0.124384,0.153394,,0,506,13,44,0.025812,0.645453,1
28,1,,54,44,98,173,80,253,7,0.309926,0.329915,0.009133,0.011017,0.009104,,0,506,6,52,0.029293,0.067943,1
44,1,,49,50,99,121,135,256,6,0.367389,0.393519,0.009012,0.046111,0.044389,,0,506,2,75,0.070034,0.231022,1
42,1,,80,80,160,132,142,274,6,0.392151,0.421853,0.014328,0.106316,0.098042,,0,506,8,21,0.112038,0.541041,1
40,1,,80,84,164,140,134,274,5,0.384229,0.413131,0.01832,0.077924,0.078768,,0,506,8,60,0.069901,0.416079,1
29,1,,86,66,152,170,107,277,6,0.379558,0.408989,0.007812,0.116415,0.081888,,0,506,13,73,0.140604,0.569287,1
31,1,,72,53,125,168,120,288,5,0.371395,0.396766,0.005885,0.106949,0.077035,,0,506,15,46,0.153462,0.528231,1
34,1,,70,70,140,161,132,293,6,0.351073,0.377769,0.00431,0.077877,0.073183,,0,506,13,73,0.135505,0.384903,1
38,1,,59,80,139,147,147,294,6,0.369163,0.398399,0.013782,0.040561,0.050769,,0,506,1,5,0.059722,0.21589,1
36,1,,76,79,155,154,141,295,6,0.358702,0.388551,0.005583,0.092307,0.089469,,0,506,13,27,0.128858,0.46153,1
37,1,,46,54,100,148,149,297,6,0.374139,0.400747,0.008896,0.046142,0.053678,,0,506,8,28,0.11585,0.246231,1
5,1,,146,174,320,390,-90,300,6,0.381529,0.419936,0.033682,0.128648,0.126858,,0,506,13,67,0.045196,0.646754,1
15,1,,123,197,320,249,65,314,6,0.397307,0.437506,0.041211,0.09898,0.114429,,0,506,3,16,0.038134,0.480142,1
32,1,,71,74,145,168,148,316,6,0.366347,0.395205,0.00688,0.101398,0.09478,,0,506,13,60,0.133034,0.504595,1
27,1,,88,63,151,188,129,317,6,0.353058,0.381172,0.006235,0.080481,0.071188,,0,506,13,43,0.081243,0.404552,1
33,1,,118,136,254,167,164,331,6,0.393841,0.428329,0.02356,0.105135,0.118078,,0,506,13,82,0.049995,0.529175,1
177,1,,198,202,400,43,293,336,6,0.392808,0.433538,0.035162,0.157845,0.163547,,0,506,7,6,0.046905,0.818907,1
23,1,,65,62,127,204,159,363,6,0.334136,0.356921,0.00918,0.022889,0.019384,,0,506,2,20,0.038134,0.122544,1
26,1,,138,133,271,193,179,372,6,0.387567,0.422138,0.019831,0.146685,0.138374,,0,506,13,14,0.07061,0.725839,1
25,1,,103,109,212,198,175,373,6,0.377798,0.409901,0.012865,0.10221,0.11071,,0,506,7,76,0.075348,0.545086,1
24,1,,87,104,191,198,193,391,5,0.389461,0.421177,0.010584,0.126242,0.130162,,0,506,14,76,0.122156,0.644188,1
19,1,,97,103,200,215,178,393,6,0.379789,0.411445,0.010706,0.115548,0.118863,,0,506,13,59,0.118034,0.571009,1
7,1,,195,212,407,370,30,400,6,0.387207,0.428783,0.034176,0.154458,0.157427,,0,506,15,37,0.035802,0.792455,1
13,1,,119,125,244,259,147,406,6,0.357845,0.391682,0.036019,0.075775,0.051599,,0,506,12,74,0.029018,0.369933,1
21,1,,91,91,182,207,201,408,6,0.384111,0.415132,0.015857,0.100294,0.09819,,0,506,14,47,0.084333,0.517311,1
20,1,,53,57,110,213,204,417,6,0.37515,0.40254,0.006234,0.066539,0.069631,,0,506,11,101,0.143823,0.337934,1
18,1,,78,78,156,215,205,420,6,0.358153,0.386763,0.017244,0.033152,0.034107,,0,506,1,4,0.032716,0.185345,1
14,1,,97,93,190,253,187,440,6,0.362134,0.39061,0.013589,0.081423,0.06964,,0,506,11,100,0.062547,0.434416,1
11,1,,203,203,406,283,158,441,6,0.429899,0.467383,0.050784,0.197538,0.20059,,0,506,14,62,0.056058,1.0,1
17,1,,108,111,219,217,233,450,6,0.390516,0.422058,0.017497,0.100138,0.104684,,0,506,11,92,0.08407,0.524217,1
12,1,,128,128,256,264,194,458,6,0.361924,0.394355,0.0141,0.097067,0.10017,,0,506,15,15,0.058409,0.509673,1
129,1,,17,93,110,58,420,478,6,0.327564,0.352037,0.00889,0.0074,0.015556,,0,506,2,20,0.010981,0.03735,1
22,1,,103,148,251,205,276,481,5,0.408838,0.443386,0.023874,0.105263,0.144092,,0,506,8,36,0.067638,0.553,1
16,1,,110,120,230,241,243,484,6,0.364743,0.396215,0.02348,0.06385,0.062599,,0,506,2,68,0.032782,0.350155,1
9,1,,133,143,276,321,186,507,6,0.39015,0.424891,0.022495,0.126969,0.114198,,0,506,11,23,0.06347,0.657485,1
10,1,,164,177,341,288,284,572,6,0.41495,0.451294,0.042906,0.13739,0.141537,,0,506,14,51,0.046102,0.703297,1
6,1,,139,148,287,388,252,640,5,0.377303,0.412744,0.023561,0.122799,0.12204,,0,506,13,77,0.052608,0.633059,1
4,1,,201,215,416,588,476,1064,5,0.400192,0.440917,0.059195,0.10426,0.110217,,0,506,2,18,0.026903,0.568198,1
3,1,,251,243,494,610,493,1103,6,0.38601,0.430891,0.04775,0.177256,0.161742,,0,506,13,38,0.035077,0.900561,1
2,1,,205,195,400,735,397,1132,5,0.430838,0.466515,0.062452,0.173652,0.160447,,0,506,8,13,0.048873,0.869056,1
1,1,,398,490,888,758,604,1362,5,0.41541,0.479993,0.149156,0.149924,0.150574,,0,506,1,1,0.005299,0.801361,1
